40 # number of electrodes
# x y z
0.000 0.000 0.250 
-1.000 0.000 0.250 
-2.000 0.000 0.250 
-3.000 0.000 0.250 
-4.000 0.000 0.250 
-5.000 0.000 0.250 
-6.000 0.000 0.250 
-7.000 0.000 0.250 
-8.000 0.000 0.250 
-9.000 0.000 0.250 
-10.000 0.000 0.250 
-11.000 0.000 0.250 
-12.000 0.000 0.250 
-13.000 0.000 0.250 
-14.000 0.000 0.250 
-15.000 0.000 0.250 
-16.000 0.000 0.250 
-17.000 0.000 0.250 
-18.000 0.000 0.250 
-19.000 0.000 0.250 
-20.000 0.000 0.250 
-21.000 0.000 0.250 
-22.000 0.000 0.250 
-23.000 0.000 0.250 
-24.000 0.000 0.250 
-25.000 0.000 0.250 
-26.000 0.000 0.250 
-27.000 0.000 0.250 
-28.000 0.000 0.250 
-29.000 0.000 0.250 
-30.000 0.000 0.250 
-31.000 0.000 0.250 
-32.000 0.000 0.250 
-33.000 0.000 0.250 
-34.000 0.000 0.250 
-35.000 0.000 0.250 
-36.000 0.000 0.250 
-37.000 0.000 0.250 
-38.000 0.000 0.250 
-39.000 0.000 0.250 
359  # number of data
#a  b  m  n  i  u  err
  1     4     2     3      1.00      62.18     0.00
  2     5     3     4      1.69      94.57     4.40
  3     6     4     5      1.68      84.30     4.60
  4     7     5     6      1.46      55.76     6.50
  5     8     6     7      2.22      178.80    2.00
  6     9     7     8      1.17      40.84     5.40
  7     10    8     9      1.81      122.38    5.40
  8     11    9     10     0.64      22.62     2.30
  9     12    10    11     0.60      31.38     2.80
  10    13    11    12     1.41      130.82    1.80
  11    14    12    13     0.54      44.89     0.20
  12    15    13    14     0.54      58.23     6.20
  13    16    14    15     0.61      52.89     1.80
  14    17    15    16     0.69      64.59     9.40
  15    18    16    17     0.81      54.86     2.30
  16    19    17    18     0.56      49.89     9.90
  17    20    18    19     0.62      42.26     9.30
  18    21    19    20     0.86      52.74     3.80
  19    22    20    21     1.19      60.19     2.00
  20    23    21    22     1.24      94.95     0.90
  21    24    22    23     0.98      42.84     6.60
  22    25    23    24     3.28      223.12    2.70
  23    26    24    25     5.12      176.75    0.70
  24    27    25    26     1.12      69.20     7.20
  25    28    26    27     2.79      41.28     2.50
  26    29    27    28     3.80      150.92    3.10
  27    30    28    29     0.88      26.70     3.40
  28    31    29    30     1.44      86.90     1.30
  29    32    30    31     2.71      62.61     0.20
  30    33    31    32     1.11      44.86     0.90
  31    34    32    33     3.20      50.99     0.00
  32    35    33    34     2.55      43.59     6.50
  33    36    34    35     2.16      35.96     0.10
  34    37    35    36     2.08      35.87     0.30
  35    38    36    37     1.45      40.00     2.90
  36    39    37    38     3.38      76.39     7.80
  37    40    38    39     5.70      196.88    0.60
  1     6     3     4      3.08      36.35     0.00
  2     7     4     5      3.82      42.59     0.20
  3     8     5     6      4.96      53.45     0.40
  4     9     6     7      3.13      25.62     0.00
  5     10    7     8      7.16      53.50     0.00
  6     11    8     9      6.13      48.53     0.10
  7     12    9     10     6.76      70.05     0.00
  8     13    10    11     13.23     98.69     0.40
  9     14    11    12     9.04      59.03     1.30
  10    15    12    13     9.99      89.89     1.70
  11    16    13    14     3.98      43.85     0.90
  12    17    14    15     4.80      46.66     1.20
  13    18    15    16     2.98      50.48     0.00
  14    19    16    17     2.42      21.43     0.40
  15    20    17    18     1.93      26.98     1.50
  16    21    18    19     1.53      37.72     0.70
  17    22    19    20     8.61      66.57     0.00
  18    23    20    21     5.04      70.02     0.10
  19    24    21    22     2.91      46.12     0.50
  20    25    22    23     3.43      47.79     0.40
  21    26    23    24     3.55      25.09     1.80
  22    27    24    25     3.68      28.03     0.30
  23    28    25    26     2.92      68.40     0.00
  24    29    26    27     5.88      31.59     0.00
  25    30    27    28     13.99     58.18     0.00
  26    31    28    29     1.86      39.95     0.00
  27    32    29    30     6.75      20.62     0.30
  28    33    30    31     17.71     73.23     0.10
  29    34    31    32     4.68      52.37     0.40
  30    35    32    33     12.02     37.81     0.10
  31    36    33    34     4.98      28.95     0.10
  32    37    34    35     10.80     35.77     0.50
  33    38    35    36     12.63     39.43     0.30
  34    39    36    37     16.25     90.69     0.00
  35    40    37    38     7.71      55.70     0.30
  1     8     4     5      10.85     46.90     0.10
  2     9     5     6      10.24     33.15     0.00
  3     10    6     7      18.85     61.94     0.10
  4     11    7     8      15.69     37.43     0.20
  5     12    8     9      19.89     78.44     0.00
  6     13    9     10     13.14     84.77     0.00
  7     14    10    11     11.49     21.57     0.50
  8     15    11    12     9.50      23.98     0.70
  9     16    12    13     5.75      29.21     0.80
  10    17    13    14     8.50      25.10     0.00
  11    18    14    15     14.62     48.43     0.10
  12    19    15    16     14.73     32.80     0.50
  13    20    16    17     8.25      37.98     0.10
  14    21    17    18     8.06      37.90     0.30
  15    22    18    19     10.19     64.97     0.00
  16    23    19    20     7.90      33.71     0.20
  17    24    20    21     7.77      38.30     0.00
  18    25    21    22     4.88      31.79     0.00
  19    26    22    23     12.94     46.11     0.10
  20    27    23    24     20.03     43.36     0.20
  21    28    24    25     10.59     55.25     0.10
  22    29    25    26     8.00      56.93     0.20
  23    30    26    27     14.30     52.38     0.20
  24    31    27    28     13.09     36.30     0.20
  25    32    28    29     10.00     69.66     0.00
  26    33    29    30     23.76     82.37     0.10
  27    34    30    31     37.06     15.95     0.60
  28    35    31    32     20.92     99.42     0.10
  29    36    32    33     32.10     45.57     0.00
  30    37    33    34     15.71     37.00     0.10
  31    38    34    35     29.31     42.99     0.10
  32    39    35    36     25.43     20.77     0.20
  33    40    36    37     21.55     52.74     0.00
  1     10    5     6      30.53     32.10     0.10
  2     11    6     7      15.27     22.32     0.60
  3     12    7     8      18.29     25.42     0.40
  4     13    8     9      32.01     57.82     0.20
  5     14    9     10     13.96     60.54     0.00
  6     15    10    11     24.78     20.30     0.10
  7     16    11    12     17.53     32.96     0.10
  8     17    12    13     21.38     44.64     0.10
  9     18    13    14     25.17     20.04     0.20
  10    19    14    15     29.48     31.02     0.10
  11    20    15    16     18.94     26.46     0.20
  12    21    16    17     21.21     33.03     0.10
  13    22    17    18     39.21     92.94     0.20
  14    23    18    19     15.88     63.26     0.00
  15    24    19    20     9.03      25.96     0.10
  16    25    20    21     7.80      27.58     0.20
  17    26    21    22     9.41      20.40     0.40
  18    27    22    23     24.73     27.37     0.20
  19    28    23    24     28.55     63.94     0.00
  20    29    24    25     29.19     54.97     0.20
  21    30    25    26     20.30     57.59     0.00
  22    31    26    27     42.19     74.94     0.20
  24    33    28    29     15.46     65.31     0.10
  25    34    29    30     17.43     31.13     0.20
  26    35    30    31     78.80     32.58     0.40
  27    36    31    32     52.51     21.12     0.00
  28    37    32    33     139.33    62.20     0.20
  29    38    33    34     41.48     74.85     0.00
  30    39    34    35     34.65     32.16     0.20
  31    40    35    36     46.26     30.18     0.00
  1     12    6     7      21.99     15.12     0.20
  2     13    7     8      44.44     47.85     0.30
  3     14    8     9      46.18     67.46     0.10
  4     15    9     10     23.32     78.74     0.10
  5     16    10    11     28.29     20.25     0.40
  6     17    11    12     31.10     25.41     0.40
  7     18    12    13     47.62     64.03     0.20
  8     19    13    14     40.72     24.48     0.10
  9     20    14    15     29.86     10.78     1.20
  10    21    15    16     41.91     26.98     0.30
  11    22    16    17     25.48     21.12     0.80
  12    23    17    18     31.30     43.96     0.20
  13    24    18    19     12.36     44.71     0.00
  14    25    19    20     15.44     35.22     0.00
  15    26    20    21     29.69     47.44     0.10
  16    27    21    22     22.12     26.35     0.00
  17    28    22    23     31.97     54.53     0.40
  18    29    23    24     59.75     46.25     0.10
  19    30    24    25     30.44     25.42     0.70
  20    31    25    26     33.53     57.74     0.00
  21    32    26    27     24.84     35.76     0.10
  22    33    27    28     74.97     27.20     0.10
  23    34    28    29     18.12     46.08     0.00
  24    35    29    30     46.90     50.71     0.00
  25    36    30    31     149.21    18.76     1.20
  26    37    31    32     74.94     70.28     0.10
  27    38    32    33     36.75     11.27     0.20
  28    39    33    34     66.00     77.88     0.00
  29    40    34    35     85.14     67.41     0.10
  1     14    7     8      33.21     16.93     0.30
  2     15    8     9      32.73     52.22     0.10
  3     16    9     10     25.98     68.16     0.20
  4     17    10    11     29.53     13.54     0.50
  5     18    11    12     58.28     33.48     0.30
  6     19    12    13     40.38     16.87     0.10
  7     20    13    14     36.36     9.57      0.30
  8     21    14    15     39.74     9.48      0.80
  9     22    15    16     50.69     16.38     0.60
  10    23    16    17     122.13    57.28     0.10
  11    24    17    18     23.61     24.56     0.40
  12    25    18    19     31.04     78.99     0.00
  13    26    19    20     45.73     76.78     0.00
  14    27    20    21     23.62     30.04     0.10
  15    28    21    22     25.60     33.46     0.00
  16    29    22    23     28.68     18.00     0.00
  17    30    23    24     24.92     6.39      0.70
  18    31    24    25     43.19     24.46     0.20
  19    32    25    26     25.40     21.69     0.10
  20    33    26    27     36.96     43.25     0.20
  22    35    28    29     60.76     83.10     0.00
  23    36    29    30     108.17    85.00     0.10
  24    37    30    31     106.33    0.85      12.20
  25    38    31    32     65.83     34.82     0.20
  26    39    32    33     150.69    14.41     0.30
  27    40    33    34     52.35     28.79     0.50
  1     16    7     10     21.40     83.06     0.20
  2     17    8     11     19.42     80.21     0.00
  3     18    9     12     33.16     96.46     0.00
  4     19    10    13     37.84     29.32     0.00
  5     20    11    14     42.30     22.99     0.00
  6     21    12    15     39.45     12.57     0.70
  7     22    13    16     73.10     55.86     0.00
  8     23    14    17     105.07    67.47     0.10
  9     24    15    18     43.53     51.43     0.10
  10    25    16    19     8.85      30.80     0.10
  11    26    17    20     7.10      31.70     0.10
  12    27    18    21     5.95      27.42     0.10
  13    28    19    22     13.65     52.28     0.10
  14    29    20    23     14.32     33.91     0.00
  15    30    21    24     19.27     20.76     0.10
  16    31    22    25     24.36     25.94     0.00
  17    32    23    26     21.50     21.59     0.10
  18    33    24    27     48.48     84.29     0.20
  19    34    25    28     34.33     52.81     0.20
  20    35    26    29     40.20     78.04     0.10
  21    36    27    30     45.66     52.12     0.00
  22    37    28    31     42.83     79.22     0.00
  23    38    29    32     46.46     49.78     0.20
  24    39    30    33     54.88     26.10     0.30
  25    40    31    34     38.86     44.61     0.10
  1     18    8     11     8.93      26.78     1.00
  2     19    9     12     24.63     39.34     0.20
  3     20    10    13     37.35     23.16     0.00
  4     21    11    14     37.05     9.06      1.40
  5     22    12    15     102.53    19.17     0.50
  6     23    13    16     102.54    45.95     0.00
  7     24    14    17     59.06     27.29     0.10
  8     25    15    18     68.82     69.19     0.30
  9     26    16    19     39.29     68.51     0.00
  10    27    17    20     12.54     44.91     0.20
  11    28    18    21     6.46      27.24     0.00
  12    29    19    22     7.87      22.83     0.40
  13    30    20    23     24.56     45.80     0.10
  14    31    21    24     27.85     29.56     0.00
  15    32    22    25     23.96     15.12     0.00
  16    33    23    26     25.94     25.41     0.60
  17    34    24    27     27.46     40.27     0.00
  18    35    25    28     54.01     68.41     0.10
  19    36    26    29     46.85     68.54     0.00
  20    37    27    30     50.32     37.91     0.20
  21    38    28    31     33.41     32.24     0.10
  22    39    29    32     109.94    53.01     0.20
  23    40    30    33     159.49    63.01     0.20
  1     20    9     12     28.46     26.03     0.20
  2     21    10    13     35.28     17.51     0.40
  3     22    11    14     76.09     13.98     1.00
  4     23    12    15     86.77     9.33      0.80
  5     24    13    16     76.45     28.66     0.00
  6     25    14    17     98.76     32.04     0.70
  7     26    15    18     89.40     66.03     0.10
  8     27    16    19     44.98     50.96     0.00
  9     28    17    20     32.24     77.15     0.10
  10    29    18    21     26.19     91.16     0.00
  11    30    19    22     14.04     36.10     0.10
  12    31    20    23     17.30     29.13     0.00
  13    32    21    24     29.38     23.30     0.10
  14    33    22    25     45.84     30.71     0.00
  15    34    23    26     31.48     23.99     0.10
  16    35    24    27     27.41     36.62     0.00
  17    36    25    28     34.82     29.13     0.50
  18    37    26    29     74.14     77.29     0.00
  19    38    27    30     34.15     13.83     0.00
  20    39    28    31     43.87     34.07     0.10
  21    40    29    32     45.81     4.86      1.70
  1     22    10    13     46.32     8.80      0.60
  2     23    11    14     77.64     20.93     1.10
  3     24    12    15     60.95     7.65      0.90
  4     25    13    16     84.29     24.34     0.10
  5     26    14    17     138.28    37.38     0.40
  6     27    15    18     44.57     25.38     0.00
  7     28    16    19     66.64     77.88     0.00
  8     29    17    20     60.61     95.22     0.10
  9     30    18    21     22.65     43.25     0.10
  10    31    19    22     41.74     98.21     0.00
  11    32    20    23     18.25     26.53     0.10
  12    33    21    24     27.07     18.90     0.20
  13    34    22    25     41.70     22.13     0.00
  14    35    23    26     50.83     40.48     0.30
  15    36    24    27     41.65     48.46     0.30
  16    37    25    28     31.68     18.89     0.20
  17    38    26    29     27.32     16.16     0.20
  18    39    27    30     60.65     12.54     1.00
  19    40    28    31     46.93     22.44     0.50
  1     24    11    14     40.60     6.66      0.90
  2     25    12    15     75.50     15.04     0.70
  3     26    13    16     93.73     20.91     0.30
  4     27    14    17     41.46     4.45      0.50
  5     28    15    18     89.98     64.41     0.20
  6     29    16    19     87.40     72.92     0.00
  7     30    17    20     41.71     53.99     0.50
  8     31    18    21     57.08     82.79     0.10
  9     32    19    22     27.54     37.92     0.20
  10    33    20    23     49.26     69.26     0.10
  11    34    21    24     22.32     12.03     0.90
  12    35    22    25     28.77     15.83     1.80
  13    36    23    26     62.76     44.02     0.20
  14    37    24    27     68.74     64.10     0.10
  15    38    25    28     31.37     12.23     0.90
  16    39    26    29     29.02     12.84     1.10
  17    40    27    30     34.88     5.25      2.30
  1     26    12    15     52.84     6.04      9.70
  2     27    13    16     39.35     8.37      6.70
  3     28    14    17     68.88     13.47     2.90
  4     29    15    18     75.88     32.43     0.00
  5     30    16    19     49.47     33.71     0.40
  6     31    17    20     56.56     71.26     0.00
  7     32    18    21     33.13     42.11     0.20
  8     33    19    22     66.09     72.93     0.20
  9     34    20    23     38.08     32.28     0.30
  10    35    21    24     85.75     60.34     0.20
  11    36    22    25     26.93     12.84     0.80
  12    37    23    26     33.55     16.73     0.40
  13    38    24    27     41.50     23.13     0.20
  14    39    25    28     57.01     12.59     1.50
  15    40    26    29     41.81     12.82     1.50
  1     28    13    16     44.26     8.06      6.00
  2     29    14    17     68.80     9.94      2.90
  3     30    15    18     42.67     8.99      3.00
  4     31    16    19     51.55     28.69     0.10
  5     32    17    20     37.88     43.97     0.60
  6     33    18    21     65.18     79.61     0.20
  7     34    19    22     49.47     50.20     0.00
  8     35    20    23     76.95     55.66     0.10
  9     36    21    24     54.62     23.44     0.50
  10    37    22    25     153.74    60.84     0.00
  11    38    23    26     22.23     6.18      1.10
  12    39    24    27     30.66     11.59     0.00
  13    40    25    28     62.91     12.79     1.10
  1     30    14    17     32.06     2.32      0.90
  2     31    15    18     48.26     9.28      0.10
  3     32    16    19     33.81     6.64      0.40
  4     33    17    20     58.53     55.59     0.10
  5     34    18    21     60.72     70.50     0.20
  6     35    19    22     75.73     72.89     0.10
  7     36    20    23     81.96     54.18     0.00
  8     37    21    24     127.26    45.25     0.10
  9     38    22    25     37.95     9.22      2.90
  10    39    23    26     105.09    21.64     0.40
  11    40    24    27     27.00     11.13     1.10
  1     32    15    18     26.78     3.15      4.70
  2     33    16    19     54.25     14.42     0.20
  3     34    17    20     50.69     19.86     0.30
  4     35    18    21     66.97     63.17     0.10
  5     36    19    22     81.87     76.78     0.00
  6     37    20    23     84.18     48.06     0.20
  7     38    21    24     49.45     13.79     0.70
  8     39    22    25     92.16     13.33     1.80
  9     40    23    26     54.85     8.44      1.50
  1     34    16    19     36.28     7.06      0.80
  2     35    17    20     61.43     23.39     0.20
  3     36    18    21     85.10     39.66     0.20
  4     37    19    22     101.87    76.46     0.20
  5     38    20    23     60.50     27.68     0.10
  6     39    21    24     90.31     20.22     0.20
  7     40    22    25     82.55     12.20     0.70
  1     36    17    20     50.59     11.66     1.80
  2     37    18    21     89.08     37.48     0.30
  3     38    19    22     50.59     13.50     0.40
  4     39    20    23     78.34     26.17     0.00
  5     40    21    24     121.26    26.09     0.00
  1     38    18    21     36.35     8.57      1.10
  2     39    19    22     70.73     15.47     0.60
  3     40    20    23     85.54     14.09     0.00
  1     40    19    22     50.96     9.06      1.20
