80 # number of electrodes
# x y z
0.000 0.000 0.250 
-1.000 0.000 0.250 
-2.000 0.000 0.250 
-3.000 0.000 0.250 
-4.000 0.000 0.250 
-5.000 0.000 0.250 
-6.000 0.000 0.250 
-7.000 0.000 0.250 
-8.000 0.000 0.250 
-9.000 0.000 0.250 
-10.000 0.000 0.250 
-11.000 0.000 0.250 
-12.000 0.000 0.250 
-13.000 0.000 0.250 
-14.000 0.000 0.250 
-15.000 0.000 0.250 
-16.000 0.000 0.250 
-17.000 0.000 0.250 
-18.000 0.000 0.250 
-19.000 0.000 0.250 
-20.000 0.000 0.250 
-21.000 0.000 0.250 
-22.000 0.000 0.250 
-23.000 0.000 0.250 
-24.000 0.000 0.250 
-25.000 0.000 0.250 
-26.000 0.000 0.250 
-27.000 0.000 0.250 
-28.000 0.000 0.250 
-29.000 0.000 0.250 
-30.000 0.000 0.250 
-31.000 0.000 0.250 
-32.000 0.000 0.250 
-33.000 0.000 0.250 
-34.000 0.000 0.250 
-35.000 0.000 0.250 
-36.000 0.000 0.250 
-37.000 0.000 0.250 
-38.000 0.000 0.250 
-39.000 0.000 0.250 
0.000 0.000 1.250 
-1.000 0.000 1.250 
-2.000 0.000 1.250 
-3.000 0.000 1.250 
-4.000 0.000 1.250 
-5.000 0.000 1.250 
-6.000 0.000 1.250 
-7.000 0.000 1.250 
-8.000 0.000 1.250 
-9.000 0.000 1.250 
-10.000 0.000 1.250 
-11.000 0.000 1.250 
-12.000 0.000 1.250 
-13.000 0.000 1.250 
-14.000 0.000 1.250 
-15.000 0.000 1.250 
-16.000 0.000 1.250 
-17.000 0.000 1.250 
-18.000 0.000 1.250 
-19.000 0.000 1.250 
-20.000 0.000 1.250 
-21.000 0.000 1.250 
-22.000 0.000 1.250 
-23.000 0.000 1.250 
-24.000 0.000 1.250 
-25.000 0.000 1.250 
-26.000 0.000 1.250 
-27.000 0.000 1.250 
-28.000 0.000 1.250 
-29.000 0.000 1.250 
-30.000 0.000 1.250 
-31.000 0.000 1.250 
-32.000 0.000 1.250 
-33.000 0.000 1.250 
-34.000 0.000 1.250 
-35.000 0.000 1.250 
-36.000 0.000 1.250 
-37.000 0.000 1.250 
-38.000 0.000 1.250 
-39.000 0.000 1.250 
720  # number of data
#a  b  m  n  u  i  err
  1     4     2     3      1.00      62.18     0.00
  2     5     3     4      1.69      94.57     4.40
  3     6     4     5      1.68      84.30     4.60
  4     7     5     6      1.46      55.76     6.50
  5     8     6     7      2.22      178.80    2.00
  6     9     7     8      1.17      40.84     5.40
  7     10    8     9      1.81      122.38    5.40
  8     11    9     10     0.64      22.62     2.30
  9     12    10    11     0.60      31.38     2.80
  10    13    11    12     1.41      130.82    1.80
  11    14    12    13     0.54      44.89     0.20
  12    15    13    14     0.54      58.23     6.20
  13    16    14    15     0.61      52.89     1.80
  14    17    15    16     0.69      64.59     9.40
  15    18    16    17     0.81      54.86     2.30
  16    19    17    18     0.56      49.89     9.90
  17    20    18    19     0.62      42.26     9.30
  18    21    19    20     0.86      52.74     3.80
  19    22    20    21     1.19      60.19     2.00
  20    23    21    22     1.24      94.95     0.90
  21    24    22    23     0.98      42.84     6.60
  22    25    23    24     3.28      223.12    2.70
  23    26    24    25     5.12      176.75    0.70
  24    27    25    26     1.12      69.20     7.20
  25    28    26    27     2.79      41.28     2.50
  26    29    27    28     3.80      150.92    3.10
  27    30    28    29     0.88      26.70     3.40
  28    31    29    30     1.44      86.90     1.30
  29    32    30    31     2.71      62.61     0.20
  30    33    31    32     1.11      44.86     0.90
  31    34    32    33     3.20      50.99     0.00
  32    35    33    34     2.55      43.59     6.50
  33    36    34    35     2.16      35.96     0.10
  34    37    35    36     2.08      35.87     0.30
  35    38    36    37     1.45      40.00     2.90
  36    39    37    38     3.38      76.39     7.80
  37    40    38    39     5.70      196.88    0.60
  1     6     3     4      3.08      36.35     0.00
  2     7     4     5      3.82      42.59     0.20
  3     8     5     6      4.96      53.45     0.40
  4     9     6     7      3.13      25.62     0.00
  5     10    7     8      7.16      53.50     0.00
  6     11    8     9      6.13      48.53     0.10
  7     12    9     10     6.76      70.05     0.00
  8     13    10    11     13.23     98.69     0.40
  9     14    11    12     9.04      59.03     1.30
  10    15    12    13     9.99      89.89     1.70
  11    16    13    14     3.98      43.85     0.90
  12    17    14    15     4.80      46.66     1.20
  13    18    15    16     2.98      50.48     0.00
  14    19    16    17     2.42      21.43     0.40
  15    20    17    18     1.93      26.98     1.50
  16    21    18    19     1.53      37.72     0.70
  17    22    19    20     8.61      66.57     0.00
  18    23    20    21     5.04      70.02     0.10
  19    24    21    22     2.91      46.12     0.50
  20    25    22    23     3.43      47.79     0.40
  21    26    23    24     3.55      25.09     1.80
  22    27    24    25     3.68      28.03     0.30
  23    28    25    26     2.92      68.40     0.00
  24    29    26    27     5.88      31.59     0.00
  25    30    27    28     13.99     58.18     0.00
  26    31    28    29     1.86      39.95     0.00
  27    32    29    30     6.75      20.62     0.30
  28    33    30    31     17.71     73.23     0.10
  29    34    31    32     4.68      52.37     0.40
  30    35    32    33     12.02     37.81     0.10
  31    36    33    34     4.98      28.95     0.10
  32    37    34    35     10.80     35.77     0.50
  33    38    35    36     12.63     39.43     0.30
  34    39    36    37     16.25     90.69     0.00
  35    40    37    38     7.71      55.70     0.30
  1     8     4     5      10.85     46.90     0.10
  2     9     5     6      10.24     33.15     0.00
  3     10    6     7      18.85     61.94     0.10
  4     11    7     8      15.69     37.43     0.20
  5     12    8     9      19.89     78.44     0.00
  6     13    9     10     13.14     84.77     0.00
  7     14    10    11     11.49     21.57     0.50
  8     15    11    12     9.50      23.98     0.70
  9     16    12    13     5.75      29.21     0.80
  10    17    13    14     8.50      25.10     0.00
  11    18    14    15     14.62     48.43     0.10
  12    19    15    16     14.73     32.80     0.50
  13    20    16    17     8.25      37.98     0.10
  14    21    17    18     8.06      37.90     0.30
  15    22    18    19     10.19     64.97     0.00
  16    23    19    20     7.90      33.71     0.20
  17    24    20    21     7.77      38.30     0.00
  18    25    21    22     4.88      31.79     0.00
  19    26    22    23     12.94     46.11     0.10
  20    27    23    24     20.03     43.36     0.20
  21    28    24    25     10.59     55.25     0.10
  22    29    25    26     8.00      56.93     0.20
  23    30    26    27     14.30     52.38     0.20
  24    31    27    28     13.09     36.30     0.20
  25    32    28    29     10.00     69.66     0.00
  26    33    29    30     23.76     82.37     0.10
  27    34    30    31     37.06     15.95     0.60
  28    35    31    32     20.92     99.42     0.10
  29    36    32    33     32.10     45.57     0.00
  30    37    33    34     15.71     37.00     0.10
  31    38    34    35     29.31     42.99     0.10
  32    39    35    36     25.43     20.77     0.20
  33    40    36    37     21.55     52.74     0.00
  1     10    5     6      30.53     32.10     0.10
  2     11    6     7      15.27     22.32     0.60
  3     12    7     8      18.29     25.42     0.40
  4     13    8     9      32.01     57.82     0.20
  5     14    9     10     13.96     60.54     0.00
  6     15    10    11     24.78     20.30     0.10
  7     16    11    12     17.53     32.96     0.10
  8     17    12    13     21.38     44.64     0.10
  9     18    13    14     25.17     20.04     0.20
  10    19    14    15     29.48     31.02     0.10
  11    20    15    16     18.94     26.46     0.20
  12    21    16    17     21.21     33.03     0.10
  13    22    17    18     39.21     92.94     0.20
  14    23    18    19     15.88     63.26     0.00
  15    24    19    20     9.03      25.96     0.10
  16    25    20    21     7.80      27.58     0.20
  17    26    21    22     9.41      20.40     0.40
  18    27    22    23     24.73     27.37     0.20
  19    28    23    24     28.55     63.94     0.00
  20    29    24    25     29.19     54.97     0.20
  21    30    25    26     20.30     57.59     0.00
  22    31    26    27     42.19     74.94     0.20
  24    33    28    29     15.46     65.31     0.10
  25    34    29    30     17.43     31.13     0.20
  26    35    30    31     78.80     32.58     0.40
  27    36    31    32     52.51     21.12     0.00
  28    37    32    33     139.33    62.20     0.20
  29    38    33    34     41.48     74.85     0.00
  30    39    34    35     34.65     32.16     0.20
  31    40    35    36     46.26     30.18     0.00
  1     12    6     7      21.99     15.12     0.20
  2     13    7     8      44.44     47.85     0.30
  3     14    8     9      46.18     67.46     0.10
  4     15    9     10     23.32     78.74     0.10
  5     16    10    11     28.29     20.25     0.40
  6     17    11    12     31.10     25.41     0.40
  7     18    12    13     47.62     64.03     0.20
  8     19    13    14     40.72     24.48     0.10
  9     20    14    15     29.86     10.78     1.20
  10    21    15    16     41.91     26.98     0.30
  11    22    16    17     25.48     21.12     0.80
  12    23    17    18     31.30     43.96     0.20
  13    24    18    19     12.36     44.71     0.00
  14    25    19    20     15.44     35.22     0.00
  15    26    20    21     29.69     47.44     0.10
  16    27    21    22     22.12     26.35     0.00
  17    28    22    23     31.97     54.53     0.40
  18    29    23    24     59.75     46.25     0.10
  19    30    24    25     30.44     25.42     0.70
  20    31    25    26     33.53     57.74     0.00
  21    32    26    27     24.84     35.76     0.10
  22    33    27    28     74.97     27.20     0.10
  23    34    28    29     18.12     46.08     0.00
  24    35    29    30     46.90     50.71     0.00
  25    36    30    31     149.21    18.76     1.20
  26    37    31    32     74.94     70.28     0.10
  27    38    32    33     36.75     11.27     0.20
  28    39    33    34     66.00     77.88     0.00
  29    40    34    35     85.14     67.41     0.10
  1     14    7     8      33.21     16.93     0.30
  2     15    8     9      32.73     52.22     0.10
  3     16    9     10     25.98     68.16     0.20
  4     17    10    11     29.53     13.54     0.50
  5     18    11    12     58.28     33.48     0.30
  6     19    12    13     40.38     16.87     0.10
  7     20    13    14     36.36     9.57      0.30
  8     21    14    15     39.74     9.48      0.80
  9     22    15    16     50.69     16.38     0.60
  10    23    16    17     122.13    57.28     0.10
  11    24    17    18     23.61     24.56     0.40
  12    25    18    19     31.04     78.99     0.00
  13    26    19    20     45.73     76.78     0.00
  14    27    20    21     23.62     30.04     0.10
  15    28    21    22     25.60     33.46     0.00
  16    29    22    23     28.68     18.00     0.00
  17    30    23    24     24.92     6.39      0.70
  18    31    24    25     43.19     24.46     0.20
  19    32    25    26     25.40     21.69     0.10
  20    33    26    27     36.96     43.25     0.20
  22    35    28    29     60.76     83.10     0.00
  23    36    29    30     108.17    85.00     0.10
  24    37    30    31     106.33    0.85      12.20
  25    38    31    32     65.83     34.82     0.20
  26    39    32    33     150.69    14.41     0.30
  27    40    33    34     52.35     28.79     0.50
  1     16    7     10     21.40     83.06     0.20
  2     17    8     11     19.42     80.21     0.00
  3     18    9     12     33.16     96.46     0.00
  4     19    10    13     37.84     29.32     0.00
  5     20    11    14     42.30     22.99     0.00
  6     21    12    15     39.45     12.57     0.70
  7     22    13    16     73.10     55.86     0.00
  8     23    14    17     105.07    67.47     0.10
  9     24    15    18     43.53     51.43     0.10
  10    25    16    19     8.85      30.80     0.10
  11    26    17    20     7.10      31.70     0.10
  12    27    18    21     5.95      27.42     0.10
  13    28    19    22     13.65     52.28     0.10
  14    29    20    23     14.32     33.91     0.00
  15    30    21    24     19.27     20.76     0.10
  16    31    22    25     24.36     25.94     0.00
  17    32    23    26     21.50     21.59     0.10
  18    33    24    27     48.48     84.29     0.20
  19    34    25    28     34.33     52.81     0.20
  20    35    26    29     40.20     78.04     0.10
  21    36    27    30     45.66     52.12     0.00
  22    37    28    31     42.83     79.22     0.00
  23    38    29    32     46.46     49.78     0.20
  24    39    30    33     54.88     26.10     0.30
  25    40    31    34     38.86     44.61     0.10
  1     18    8     11     8.93      26.78     1.00
  2     19    9     12     24.63     39.34     0.20
  3     20    10    13     37.35     23.16     0.00
  4     21    11    14     37.05     9.06      1.40
  5     22    12    15     102.53    19.17     0.50
  6     23    13    16     102.54    45.95     0.00
  7     24    14    17     59.06     27.29     0.10
  8     25    15    18     68.82     69.19     0.30
  9     26    16    19     39.29     68.51     0.00
  10    27    17    20     12.54     44.91     0.20
  11    28    18    21     6.46      27.24     0.00
  12    29    19    22     7.87      22.83     0.40
  13    30    20    23     24.56     45.80     0.10
  14    31    21    24     27.85     29.56     0.00
  15    32    22    25     23.96     15.12     0.00
  16    33    23    26     25.94     25.41     0.60
  17    34    24    27     27.46     40.27     0.00
  18    35    25    28     54.01     68.41     0.10
  19    36    26    29     46.85     68.54     0.00
  20    37    27    30     50.32     37.91     0.20
  21    38    28    31     33.41     32.24     0.10
  22    39    29    32     109.94    53.01     0.20
  23    40    30    33     159.49    63.01     0.20
  1     20    9     12     28.46     26.03     0.20
  2     21    10    13     35.28     17.51     0.40
  3     22    11    14     76.09     13.98     1.00
  4     23    12    15     86.77     9.33      0.80
  5     24    13    16     76.45     28.66     0.00
  6     25    14    17     98.76     32.04     0.70
  7     26    15    18     89.40     66.03     0.10
  8     27    16    19     44.98     50.96     0.00
  9     28    17    20     32.24     77.15     0.10
  10    29    18    21     26.19     91.16     0.00
  11    30    19    22     14.04     36.10     0.10
  12    31    20    23     17.30     29.13     0.00
  13    32    21    24     29.38     23.30     0.10
  14    33    22    25     45.84     30.71     0.00
  15    34    23    26     31.48     23.99     0.10
  16    35    24    27     27.41     36.62     0.00
  17    36    25    28     34.82     29.13     0.50
  18    37    26    29     74.14     77.29     0.00
  19    38    27    30     34.15     13.83     0.00
  20    39    28    31     43.87     34.07     0.10
  21    40    29    32     45.81     4.86      1.70
  1     22    10    13     46.32     8.80      0.60
  2     23    11    14     77.64     20.93     1.10
  3     24    12    15     60.95     7.65      0.90
  4     25    13    16     84.29     24.34     0.10
  5     26    14    17     138.28    37.38     0.40
  6     27    15    18     44.57     25.38     0.00
  7     28    16    19     66.64     77.88     0.00
  8     29    17    20     60.61     95.22     0.10
  9     30    18    21     22.65     43.25     0.10
  10    31    19    22     41.74     98.21     0.00
  11    32    20    23     18.25     26.53     0.10
  12    33    21    24     27.07     18.90     0.20
  13    34    22    25     41.70     22.13     0.00
  14    35    23    26     50.83     40.48     0.30
  15    36    24    27     41.65     48.46     0.30
  16    37    25    28     31.68     18.89     0.20
  17    38    26    29     27.32     16.16     0.20
  18    39    27    30     60.65     12.54     1.00
  19    40    28    31     46.93     22.44     0.50
  1     24    11    14     40.60     6.66      0.90
  2     25    12    15     75.50     15.04     0.70
  3     26    13    16     93.73     20.91     0.30
  4     27    14    17     41.46     4.45      0.50
  5     28    15    18     89.98     64.41     0.20
  6     29    16    19     87.40     72.92     0.00
  7     30    17    20     41.71     53.99     0.50
  8     31    18    21     57.08     82.79     0.10
  9     32    19    22     27.54     37.92     0.20
  10    33    20    23     49.26     69.26     0.10
  11    34    21    24     22.32     12.03     0.90
  12    35    22    25     28.77     15.83     1.80
  13    36    23    26     62.76     44.02     0.20
  14    37    24    27     68.74     64.10     0.10
  15    38    25    28     31.37     12.23     0.90
  16    39    26    29     29.02     12.84     1.10
  17    40    27    30     34.88     5.25      2.30
  1     26    12    15     52.84     6.04      9.70
  2     27    13    16     39.35     8.37      6.70
  3     28    14    17     68.88     13.47     2.90
  4     29    15    18     75.88     32.43     0.00
  5     30    16    19     49.47     33.71     0.40
  6     31    17    20     56.56     71.26     0.00
  7     32    18    21     33.13     42.11     0.20
  8     33    19    22     66.09     72.93     0.20
  9     34    20    23     38.08     32.28     0.30
  10    35    21    24     85.75     60.34     0.20
  11    36    22    25     26.93     12.84     0.80
  12    37    23    26     33.55     16.73     0.40
  13    38    24    27     41.50     23.13     0.20
  14    39    25    28     57.01     12.59     1.50
  15    40    26    29     41.81     12.82     1.50
  1     28    13    16     44.26     8.06      6.00
  2     29    14    17     68.80     9.94      2.90
  3     30    15    18     42.67     8.99      3.00
  4     31    16    19     51.55     28.69     0.10
  5     32    17    20     37.88     43.97     0.60
  6     33    18    21     65.18     79.61     0.20
  7     34    19    22     49.47     50.20     0.00
  8     35    20    23     76.95     55.66     0.10
  9     36    21    24     54.62     23.44     0.50
  10    37    22    25     153.74    60.84     0.00
  11    38    23    26     22.23     6.18      1.10
  12    39    24    27     30.66     11.59     0.00
  13    40    25    28     62.91     12.79     1.10
  1     30    14    17     32.06     2.32      0.90
  2     31    15    18     48.26     9.28      0.10
  3     32    16    19     33.81     6.64      0.40
  4     33    17    20     58.53     55.59     0.10
  5     34    18    21     60.72     70.50     0.20
  6     35    19    22     75.73     72.89     0.10
  7     36    20    23     81.96     54.18     0.00
  8     37    21    24     127.26    45.25     0.10
  9     38    22    25     37.95     9.22      2.90
  10    39    23    26     105.09    21.64     0.40
  11    40    24    27     27.00     11.13     1.10
  1     32    15    18     26.78     3.15      4.70
  2     33    16    19     54.25     14.42     0.20
  3     34    17    20     50.69     19.86     0.30
  4     35    18    21     66.97     63.17     0.10
  5     36    19    22     81.87     76.78     0.00
  6     37    20    23     84.18     48.06     0.20
  7     38    21    24     49.45     13.79     0.70
  8     39    22    25     92.16     13.33     1.80
  9     40    23    26     54.85     8.44      1.50
  1     34    16    19     36.28     7.06      0.80
  2     35    17    20     61.43     23.39     0.20
  3     36    18    21     85.10     39.66     0.20
  4     37    19    22     101.87    76.46     0.20
  5     38    20    23     60.50     27.68     0.10
  6     39    21    24     90.31     20.22     0.20
  7     40    22    25     82.55     12.20     0.70
  1     36    17    20     50.59     11.66     1.80
  2     37    18    21     89.08     37.48     0.30
  3     38    19    22     50.59     13.50     0.40
  4     39    20    23     78.34     26.17     0.00
  5     40    21    24     121.26    26.09     0.00
  1     38    18    21     36.35     8.57      1.10
  2     39    19    22     70.73     15.47     0.60
  3     40    20    23     85.54     14.09     0.00
  1     40    19    22     50.96     9.06      1.20
  41    44    42    43     0.49      597.10    0.20
  42    45    43    44     0.46      621.77    0.60
  43    46    44    45     0.27      451.44    0.70
  44    47    45    46     0.17      225.61    1.80
  45    48    46    47     0.26      493.85    0.70
  46    49    47    48     0.16      175.36    2.90
  47    50    48    49     0.20      156.59    2.90
  48    51    49    50     0.25      231.77    1.30
  49    52    50    51     0.20      126.07    4.60
  50    53    51    52     0.70      561.04    0.30
  51    54    52    53     0.28      205.78    6.20
  52    55    53    54     0.44      597.65    0.50
  53    56    54    55     0.64      323.26    1.80
  54    57    55    56     0.31      284.33    0.50
  55    58    56    57     0.19      71.71     3.20
  56    59    57    58     0.70      513.76    1.00
  57    60    58    59     0.44      246.88    2.70
  58    61    59    60     0.23      118.80    3.50
  59    62    60    61     0.49      252.64    0.10
  60    63    61    62     0.57      238.00    1.80
  61    64    62    63     1.37      476.83    0.80
  62    65    63    64     0.75      211.41    0.90
  63    66    64    65     1.50      192.78    2.40
  64    67    65    66     2.48      349.63    0.60
  65    68    66    67     0.66      126.22    2.20
  66    69    67    68     1.49      312.47    0.70
  67    70    68    69     2.04      456.93    0.70
  68    71    69    70     0.56      167.61    2.40
  69    72    70    71     1.16      261.95    1.40
  70    73    71    72     1.90      361.43    0.40
  71    74    72    73     0.69      135.20    1.20
  72    75    73    74     2.76      451.89    1.20
  73    76    74    75     1.70      92.65     2.20
  74    77    75    76     0.85      80.39     9.70
  75    78    76    77     1.89      85.11     5.90
  76    79    77    78     1.71      373.48    0.20
  77    80    78    79     1.29      160.51    2.30
  41    46    43    44     0.27      104.53    0.60
  42    47    44    45     0.17      42.18     1.50
  43    48    45    46     0.28      106.04    0.10
  44    49    46    47     0.20      80.71     0.30
  45    50    47    48     0.81      121.72    0.00
  46    51    48    49     0.27      40.99     0.70
  47    52    49    50     0.18      34.46     0.60
  48    53    50    51     0.25      49.82     0.70
  49    54    51    52     0.17      20.17     2.20
  50    55    52    53     0.59      79.83     0.10
  51    56    53    54     0.62      147.61    0.10
  52    57    54    55     0.59      94.28     0.60
  53    58    55    56     0.20      39.34     2.70
  54    59    56    57     0.30      28.53     0.00
  55    60    57    58     0.36      70.80     0.20
  56    61    58    59     1.17      209.78    0.10
  57    62    59    60     0.53      32.84     1.00
  58    63    60    61     0.24      24.79     0.80
  59    64    61    62     0.78      83.34     0.20
  60    65    62    63     0.60      46.29     0.10
  61    66    63    64     1.42      87.50     0.20
  62    67    64    65     0.89      31.75     0.10
  63    68    65    66     0.64      33.37     0.50
  64    69    66    67     1.43      82.83     0.00
  65    70    67    68     1.42      66.88     0.00
  66    71    68    69     1.15      58.59     0.30
  67    72    69    70     1.74      126.01    0.00
  68    73    70    71     0.76      40.89     0.30
  69    74    71    72     0.81      32.97     0.10
  70    75    72    73     3.62      203.61    0.00
  71    76    73    74     0.95      60.49     0.50
  72    77    74    75     1.27      25.01     0.40
  73    78    75    76     1.29      27.46     2.10
  74    79    76    77     1.01      21.12     1.30
  75    80    77    78     2.90      185.85    0.10
  41    48    44    45     0.25      24.53     1.40
  42    49    45    46     0.19      23.24     2.00
  43    50    46    47     0.72      87.79     0.60
  44    51    47    48     0.48      30.20     0.50
  45    52    48    49     0.57      33.86     0.40
  46    53    49    50     0.27      20.45     0.20
  47    54    50    51     0.38      20.32     1.00
  48    55    51    52     0.66      42.05     0.10
  49    56    52    53     0.61      30.13     0.00
  50    57    53    54     0.85      64.84     0.10
  51    58    54    55     0.53      28.31     0.30
  52    59    55    56     0.55      41.05     0.50
  53    60    56    57     1.11      40.10     0.50
  54    61    57    58     1.03      93.72     0.00
  55    62    58    59     1.14      76.34     0.10
  56    63    59    60     3.40      81.50     0.00
  57    64    60    61     2.31      70.59     0.20
  58    65    61    62     0.64      23.09     0.30
  59    66    62    63     2.21      71.06     0.00
  60    67    63    64     1.89      40.51     0.20
  61    68    64    65     1.72      25.41     0.10
  62    69    65    66     1.96      41.34     0.10
  63    70    66    67     3.62      78.20     0.00
  64    71    67    68     3.12      76.10     0.00
  65    72    68    69     3.58      78.75     0.40
  66    73    69    70     2.44      49.85     0.10
  67    74    70    71     2.95      42.69     0.00
  68    75    71    72     2.56      44.41     0.10
  69    76    72    73     3.29      84.44     0.00
  70    77    73    74     1.40      47.76     0.10
  71    78    74    75     7.76      67.46     0.00
  72    79    75    76     4.65      41.75     0.00
  73    80    76    77     4.77      41.87     0.00
  41    50    45    46     1.89      91.42     0.10
  42    51    46    47     1.15      55.31     0.00
  43    52    47    48     1.44      47.29     0.00
  44    53    48    49     1.40      44.46     0.10
  45    54    49    50     0.88      31.72     0.30
  46    55    50    51     0.74      23.12     0.30
  47    56    51    52     1.69      47.97     0.20
  48    57    52    53     2.56      81.39     0.00
  49    58    53    54     1.16      36.35     0.00
  50    59    54    55     2.18      41.37     0.20
  51    60    55    56     1.08      40.87     0.00
  52    61    56    57     2.19      40.55     0.10
  53    62    57    58     1.29      54.34     0.00
  54    63    58    59     1.05      35.79     0.10
  55    64    59    60     5.55      62.43     0.00
  56    65    60    61     3.77      69.50     0.00
  57    66    61    62     2.37      33.06     0.20
  58    67    62    63     2.25      32.15     0.00
  59    68    63    64     4.40      53.66     0.20
  60    69    64    65     5.40      32.92     0.00
  61    70    65    66     3.41      32.62     0.30
  62    71    66    67     5.92      67.53     0.00
  63    72    67    68     3.24      39.99     0.10
  64    73    68    69     6.43      74.49     0.10
  65    74    69    70     8.32      67.65     0.10
  66    75    70    71     6.25      37.61     0.00
  67    76    71    72     5.08      41.21     0.40
  68    77    72    73     1.82      27.92     0.20
  69    78    73    74     2.66      44.42     0.00
  70    79    74    75     5.40      27.63     0.10
  71    80    75    76     9.12      49.95     0.10
  41    52    46    47     1.38      36.16     0.30
  42    53    47    48     1.16      21.89     0.70
  43    54    48    49     2.85      53.32     0.00
  44    55    49    50     4.21      96.85     0.10
  45    56    50    51     2.04      31.28     0.20
  46    57    51    52     2.86      54.30     0.10
  47    58    52    53     2.72      37.65     0.00
  48    59    53    54     6.67      95.03     0.00
  49    60    54    55     4.58      49.30     0.20
  50    61    55    56     3.80      74.88     0.10
  51    62    56    57     4.24      40.16     0.00
  52    63    57    58     2.28      53.32     0.10
  53    64    58    59     1.91      36.73     0.00
  54    65    59    60     3.68      26.83     0.00
  55    66    60    61     5.62      58.54     0.30
  56    67    61    62     5.23      51.62     0.20
  57    68    62    63     4.55      34.70     0.00
  58    69    63    64     5.58      37.31     0.30
  59    70    64    65     18.44     64.90     0.00
  60    71    65    66     12.79     61.65     0.20
  61    72    66    67     10.57     68.44     0.00
  62    73    67    68     8.25      53.58     0.30
  63    74    68    69     7.81      39.77     0.20
  64    75    69    70     15.33     89.30     0.20
  65    76    70    71     12.77     48.96     0.00
  66    77    71    72     16.47     68.29     0.10
  67    78    72    73     3.74      30.00     0.10
  68    79    73    74     2.08      21.87     0.10
  69    80    74    75     11.21     37.62     0.00
  41    54    47    48     2.77      31.65     0.10
  42    55    48    49     3.65      43.44     0.00
  43    56    49    50     6.65      90.05     0.00
  44    57    50    51     5.47      58.31     0.00
  45    58    51    52     5.03      44.61     0.00
  46    59    52    53     7.45      46.08     0.30
  47    60    53    54     3.84      38.44     0.10
  48    61    54    55     7.79      49.38     0.10
  49    62    55    56     4.90      56.89     0.30
  50    63    56    57     14.21     72.12     0.10
  51    64    57    58     6.27      85.69     0.00
  52    65    58    59     2.43      30.93     0.10
  53    66    59    60     6.77      29.68     0.00
  54    67    60    61     4.01      30.26     0.00
  55    68    61    62     3.66      22.30     0.10
  56    69    62    63     11.46     61.35     0.00
  57    70    63    64     7.43      26.46     0.60
  58    71    64    65     7.88      11.58     0.20
  59    72    65    66     25.36     86.82     0.00
  60    73    66    67     24.26     80.50     0.30
  61    74    67    68     29.19     97.39     0.10
  62    75    68    69     27.76     93.68     0.00
  63    76    69    70     11.66     43.15     1.00
  64    77    70    71     15.75     49.24     0.00
  65    78    71    72     10.08     25.98     0.30
  66    79    72    73     6.90      34.76     0.20
  67    80    73    74     5.01      35.40     0.00
  41    56    47    50     1.73      42.72     0.30
  42    57    48    51     1.31      36.58     0.30
  43    58    49    52     1.84      43.89     0.00
  44    59    50    53     5.23      65.80     0.00
  45    60    51    54     4.16      57.32     0.20
  46    61    52    55     3.33      45.70     0.10
  47    62    53    56     1.53      26.72     0.20
  48    63    54    57     2.97      42.19     0.10
  49    64    55    58     2.13      41.08     0.00
  50    65    56    59     4.59      92.43     0.00
  51    66    57    60     1.85      43.23     0.10
  52    67    58    61     2.95      57.29     0.00
  53    68    59    62     4.10      52.28     0.00
  54    69    60    63     3.58      49.95     0.00
  55    70    61    64     5.30      61.59     0.00
  56    71    62    65     9.24      79.14     0.00
  57    72    63    66     6.98      42.88     0.00
  58    73    64    67     5.96      36.27     0.00
  59    74    65    68     13.89     85.21     0.00
  60    75    66    69     7.59      45.62     0.40
  61    76    67    70     10.92     87.79     0.00
  62    77    68    71     7.20      57.71     0.00
  63    78    69    72     9.38      66.51     0.00
  64    79    70    73     6.49      55.51     0.00
  65    80    71    74     3.62      40.05     0.00
  41    58    48    51     1.81      27.41     0.10
  42    59    49    52     4.40      58.34     0.10
  43    60    50    53     4.00      38.88     0.10
  44    61    51    54     7.48      69.33     0.40
  45    62    52    55     4.91      37.97     0.20
  46    63    53    56     3.40      34.03     0.00
  47    64    54    57     4.57      42.89     0.50
  48    65    55    58     3.05      38.13     0.10
  49    66    56    59     2.15      26.44     0.40
  50    67    57    60     2.44      37.43     0.20
  51    68    58    61     3.97      51.89     0.00
  52    69    59    62     7.82      68.29     0.00
  53    70    60    63     6.28      58.56     0.00
  54    71    61    64     3.34      29.66     0.10
  55    72    62    65     5.09      30.62     0.00
  56    73    63    66     16.88     71.92     0.10
  57    74    64    67     14.57     43.64     0.30
  58    75    65    68     6.32      27.48     0.50
  59    76    66    69     17.71     85.80     0.10
  60    77    67    70     14.99     83.55     0.20
  61    78    68    71     8.91      50.62     0.40
  62    79    69    72     8.30      44.53     0.20
  63    80    70    73     11.52     71.13     0.00
  41    60    49    52     3.78      36.01     0.30
  42    61    50    53     5.89      42.05     0.10
  43    62    51    54     4.70      32.43     0.30
  44    63    52    55     7.82      39.98     0.10
  45    64    53    56     7.84      51.20     0.10
  46    65    54    57     3.48      22.13     1.10
  47    66    55    58     4.60      40.38     0.00
  48    67    56    59     8.70      77.39     0.20
  49    68    57    60     4.79      46.88     0.00
  50    69    58    61     3.97      34.90     0.10
  51    70    59    62     5.97      37.67     0.00
  52    71    60    63     6.69      45.78     0.00
  53    72    61    64     5.95      38.93     0.20
  54    73    62    65     10.57     46.44     0.00
  55    74    63    66     11.26     29.52     0.40
  56    75    64    67     29.95     73.51     0.10
  57    76    65    68     7.12      20.38     0.10
  58    77    66    69     8.40      27.99     0.20
  59    78    67    70     22.83     98.78     0.10
  60    79    68    71     24.33     98.88     0.10
  61    80    69    72     10.79     46.50     0.30
  41    62    50    53     4.36      20.58     0.20
  42    63    51    54     6.09      31.19     0.40
  43    64    52    55     7.39      34.91     0.20
  44    65    53    56     8.27      41.12     0.30
  45    66    54    57     7.98      34.59     0.10
  46    67    55    58     3.76      22.84     0.00
  47    68    56    59     3.96      22.43     0.90
  48    69    57    60     7.89      53.99     0.40
  49    70    58    61     5.63      35.42     0.00
  50    71    59    62     10.66     47.55     0.00
  51    72    60    63     5.66      30.30     0.00
  52    73    61    64     10.03     48.15     0.00
  53    74    62    65     12.84     38.12     0.10
  54    75    63    66     11.74     26.73     0.10
  55    76    64    67     13.63     25.66     0.00
  56    77    65    68     34.07     81.54     0.00
  57    78    66    69     16.45     38.24     0.20
  58    79    67    70     8.74      23.37     0.50
  59    80    68    71     25.77     87.84     0.10
  41    64    51    54     24.57     98.79     0.30
  42    65    52    55     25.15     99.65     0.20
  43    66    53    56     7.84      38.85     0.20
  44    67    54    57     10.10     35.38     0.30
  45    68    55    58     12.05     48.66     0.00
  46    69    56    59     8.97      40.11     0.50
  47    70    57    60     6.57      27.47     0.10
  48    71    58    61     10.90     54.52     0.00
  49    72    59    62     8.12      31.97     0.60
  50    73    60    63     22.44     87.69     0.00
  51    74    61    64     12.33     44.46     0.20
  52    75    62    65     37.24     88.10     0.00
  53    76    63    66     16.08     29.04     0.00
  54    77    64    67     14.57     23.36     0.00
  55    78    65    68     18.10     33.93     0.50
  56    79    66    69     44.84     91.45     0.00
  57    80    67    70     18.71     41.54     0.10
  41    66    52    55     17.28     55.51     1.80
  42    67    53    56     19.80     84.55     0.10
  43    68    54    57     11.88     40.43     0.90
  44    69    55    58     20.38     65.83     0.00
  45    70    56    59     19.54     62.15     0.20
  46    71    57    60     8.38      30.10     0.20
  47    72    58    61     6.49      28.15     0.30
  48    73    59    62     12.60     34.88     0.50
  49    74    60    63     7.54      23.38     0.40
  50    75    61    64     15.80     44.22     0.10
  51    76    62    65     15.30     29.51     0.10
  52    77    63    66     23.24     34.59     0.00
  53    78    64    67     21.05     25.78     0.30
  54    79    65    68     15.53     26.69     0.50
  55    80    66    69     19.90     31.87     0.70
  41    68    53    56     15.73     53.86     2.10
  42    69    54    57     23.67     68.19     1.20
  43    70    55    58     29.02     85.76     0.80
  44    71    56    59     25.70     75.99     0.00
  45    72    57    60     27.00     75.46     0.20
  46    73    58    61     14.51     43.73     0.00
  47    74    59    62     6.11      15.78     1.20
  48    75    60    63     13.70     30.99     0.30
  49    76    61    64     8.19      19.26     0.20
  50    77    62    65     42.98     72.95     0.00
  51    78    63    66     20.11     25.37     0.20
  52    79    64    67     40.67     43.68     0.20
  53    80    65    68     23.53     32.32     0.60
  41    70    54    57     23.49     52.87     4.30
  42    71    55    58     20.91     55.68     0.10
  43    72    56    59     27.08     69.12     0.40
  44    73    57    60     38.53     86.10     0.10
  45    74    58    61     21.25     43.77     0.00
  46    75    59    62     16.01     27.11     0.80
  47    76    60    63     6.51      13.41     0.90
  48    77    61    64     11.99     21.15     0.90
  49    78    62    65     7.88      7.84      0.40
  50    79    63    66     88.39     87.21     0.10
  51    80    64    67     22.32     19.66     0.60
  41    72    55    58     22.29     45.87     0.30
  42    73    56    59     28.51     58.93     0.30
  43    74    57    60     21.22     39.33     0.30
  44    75    58    61     51.69     83.57     0.20
  45    76    59    62     27.67     32.07     0.60
  46    77    60    63     13.70     19.49     0.40
  47    78    61    64     6.31      9.94      0.50
  48    79    62    65     12.65     11.01     0.10
  49    80    63    66     8.19      11.01     0.20
  41    74    56    59     18.40     25.42     0.80
  42    75    57    60     35.14     54.61     0.10
  43    76    58    61     27.83     47.08     0.40
  44    77    59    62     33.08     30.11     0.30
  45    78    60    63     24.11     23.73     0.40
  46    79    61    64     14.55     15.77     2.60
  47    80    62    65     6.51      3.10      1.20
  41    76    57    60     22.78     28.26     0.10
  42    77    58    61     25.50     39.04     0.60
  43    78    59    62     24.16     23.03     0.70
  44    79    60    63     38.72     31.61     0.40
  45    80    61    64     27.46     22.15     0.00
  41    78    58    61     20.41     29.45     0.60
  42    79    59    62     28.69     24.77     0.60
  43    80    60    63     27.60     24.10     0.50
  41    80    59    62     22.65     18.40     0.90
