43 # shot/geophone points
#x	y
54.0000 18.0000
54.0000 16.0000
54.0000 14.0000
54.0000 12.0000
54.0000 10.0000
54.0000 8.0000
54.0000 6.0000
54.0000 4.0000
54.0000 2.0000
54.0000 0.0000
52.0000 0.0000
50.0000 0.0000
48.0000 0.0000
46.0000 0.0000
44.0000 0.0000
42.0000 0.0000
40.0000 0.0000
38.0000 0.0000
36.0000 0.0000
34.0000 0.0000
32.0000 0.0000
30.0000 0.0000
28.0000 0.0000
26.0000 0.0000
24.0000 0.0000
22.0000 0.0000
20.0000 0.0000
18.0000 0.0000
16.0000 0.0000
14.0000 0.0000
12.0000 1.0000
11.0833 2.7500
10.1667 4.5000
9.2500 6.2500
8.3333 8.0000
7.4167 9.7500
6.5000 11.5000
5.5833 13.2500
4.6667 15.0000
3.7500 16.7500
2.8333 18.5000
1.9167 20.2500
1.0000 22.0000
701 # measurements
#s	g	t
1 11 0.005650
1 12 0.005650
1 13 0.006190
1 14 0.006390
1 15 0.006190
1 16 0.005710
1 17 0.005990
1 18 0.006120
1 19 0.006190
1 20 0.006460
1 21 0.006120
1 22 0.006190
1 23 0.006260
1 24 0.006520
1 25 0.007620
1 26 0.007690
1 27 0.007690
1 28 0.008910
1 29 0.009050
1 30 0.009120
1 31 0.009510
1 32 0.009850
1 33 0.009780
1 34 0.009050
1 35 0.008710
1 36 0.008780
1 37 0.008810
1 38 0.008780
1 39 0.009050
1 40 0.009180
1 41 0.008910
1 42 0.009320
1 43 0.009520
2 11 0.004610
2 12 0.004630
2 13 0.005170
2 14 0.005370
2 15 0.005650
2 16 0.005920
2 17 0.006190
2 18 0.006540
2 19 0.006260
2 20 0.005170
2 21 0.005310
2 22 0.005510
2 23 0.005580
2 24 0.005580
2 25 0.005850
2 26 0.006190
2 27 0.006800
2 28 0.006870
2 29 0.006940
2 30 0.007010
2 31 0.007280
2 32 0.007410
2 33 0.007350
2 34 0.007890
2 35 0.007890
3 11 0.003870
3 12 0.004270
3 13 0.004480
3 14 0.004610
3 15 0.004680
3 16 0.005230
3 17 0.005430
3 18 0.005500
3 19 0.005430
3 20 0.005360
3 21 0.005360
3 22 0.005700
3 23 0.005910
3 24 0.006380
3 25 0.006460
3 26 0.006520
3 27 0.006650
3 28 0.006720
3 29 0.006930
3 30 0.007670
3 31 0.007740
3 32 0.007470
3 33 0.007740
3 34 0.008080
3 35 0.007610
3 36 0.007740
3 37 0.007610
3 38 0.007670
3 39 0.008700
3 40 0.009170
3 41 0.009240
3 42 0.009240
3 43 0.009920
4 11 0.004000
4 12 0.004410
4 13 0.004610
4 14 0.005090
4 15 0.004750
4 16 0.004890
4 17 0.005360
4 18 0.005910
4 19 0.005770
4 20 0.005700
4 21 0.006110
4 22 0.006310
4 23 0.006720
4 24 0.007400
4 25 0.007470
4 26 0.008220
4 27 0.008220
4 28 0.008560
4 29 0.008760
4 30 0.008830
4 31 0.008900
4 32 0.009440
4 33 0.009510
4 34 0.009170
4 35 0.009380
4 36 0.009510
4 37 0.009780
4 38 0.009850
4 39 0.009990
4 40 0.010330
4 42 0.010600
4 43 0.011010
5 11 0.002500
5 12 0.002980
5 13 0.002980
5 14 0.003250
5 15 0.003530
5 16 0.003530
5 17 0.004070
5 18 0.004210
5 19 0.004480
5 20 0.004750
5 21 0.005230
5 22 0.005500
5 23 0.005630
5 24 0.006790
5 25 0.007670
5 26 0.008220
5 27 0.008700
5 28 0.009240
5 29 0.009170
5 30 0.009310
5 31 0.009310
5 32 0.009240
5 33 0.009310
5 34 0.009440
5 35 0.009310
5 36 0.009580
5 37 0.009310
5 38 0.008700
5 39 0.009170
5 40 0.009380
5 41 0.009440
5 42 0.009440
5 43 0.009780
6 11 0.002370
6 12 0.002840
6 13 0.003050
6 14 0.003250
6 15 0.003530
6 16 0.004210
6 17 0.004410
6 18 0.004890
6 19 0.005230
6 20 0.005430
6 21 0.005700
6 22 0.005910
6 23 0.006040
6 24 0.006790
6 25 0.007470
6 26 0.008150
6 27 0.008630
6 28 0.008970
6 29 0.009240
6 30 0.008760
6 31 0.007880
6 32 0.008080
6 33 0.008290
6 34 0.008360
6 35 0.008360
6 36 0.008970
6 37 0.008630
6 38 0.008420
6 39 0.009650
6 41 0.010190
6 42 0.010330
6 43 0.011280
7 11 0.003190
7 12 0.003460
7 13 0.003730
7 14 0.003870
7 15 0.004070
7 17 0.004750
7 18 0.005360
7 19 0.005430
7 20 0.006250
7 21 0.006590
7 22 0.006790
7 23 0.007400
7 24 0.008080
7 25 0.008700
7 26 0.008760
7 27 0.008490
7 28 0.008010
7 29 0.008150
7 30 0.008150
7 31 0.008080
7 32 0.007810
7 33 0.008420
7 34 0.008360
7 35 0.007880
7 36 0.008080
7 37 0.008290
7 38 0.008630
7 39 0.009990
7 40 0.010670
7 41 0.010400
7 42 0.010530
7 43 0.011080
8 11 0.002370
8 12 0.003190
8 13 0.003460
8 14 0.003660
8 15 0.003800
8 16 0.004140
8 17 0.004550
8 18 0.005020
8 19 0.005230
8 20 0.005630
8 21 0.005770
8 22 0.005970
8 23 0.006650
8 24 0.006380
8 25 0.006590
8 26 0.006990
8 27 0.006790
8 28 0.007330
8 29 0.007670
8 30 0.008010
8 31 0.007810
8 32 0.007670
8 33 0.008360
8 34 0.008420
8 35 0.008830
8 36 0.008900
8 37 0.008560
8 38 0.008970
8 39 0.009310
8 40 0.009720
8 41 0.009780
8 42 0.010190
8 43 0.010670
9 11 0.001280
9 12 0.001620
9 13 0.001820
9 14 0.002230
9 15 0.002440
9 16 0.003250
9 17 0.003320
9 18 0.004070
9 19 0.004140
9 20 0.004410
9 21 0.004340
9 22 0.004950
9 23 0.005020
9 24 0.005360
9 25 0.005770
9 26 0.005910
9 27 0.006250
9 28 0.006520
9 29 0.006720
9 30 0.007060
9 31 0.007130
9 32 0.007330
9 33 0.007400
9 34 0.007670
9 35 0.008010
9 36 0.007880
9 37 0.007740
9 38 0.007950
9 39 0.008420
9 40 0.009170
9 41 0.009510
9 42 0.009440
9 43 0.010060
10 11 0.002160
10 12 0.002910
10 13 0.003660
10 14 0.003590
10 15 0.004140
10 16 0.004480
10 17 0.004550
10 18 0.005360
10 19 0.005230
10 20 0.005700
10 21 0.005840
10 22 0.006110
10 23 0.006180
10 24 0.006520
10 25 0.006790
10 26 0.006990
10 27 0.007200
10 28 0.007130
10 29 0.007270
10 30 0.007610
10 31 0.008420
10 32 0.008420
10 33 0.009170
10 34 0.009440
10 35 0.009440
10 36 0.009380
10 37 0.009310
10 38 0.009580
10 39 0.009850
10 40 0.010330
10 41 0.010740
10 42 0.010670
10 43 0.010940
31 1 0.007470
31 2 0.007950
31 3 0.007880
31 4 0.007880
31 5 0.008150
31 7 0.007740
31 8 0.008080
31 9 0.008220
31 10 0.008420
31 11 0.009380
31 12 0.009440
31 13 0.009170
31 14 0.008840
31 15 0.008360
31 16 0.008220
31 17 0.007740
31 18 0.007670
31 19 0.007540
31 20 0.006860
31 21 0.006380
31 22 0.005630
31 23 0.004890
31 24 0.004270
31 25 0.004070
31 26 0.003870
31 27 0.003190
31 28 0.002780
31 29 0.002370
31 30 0.001690
32 1 0.007820
32 2 0.007750
32 3 0.008230
32 4 0.008300
32 5 0.008030
32 6 0.007820
32 7 0.007140
32 8 0.007140
32 9 0.007550
32 10 0.007690
32 11 0.007410
32 12 0.007750
32 13 0.007620
32 14 0.007410
32 15 0.007280
32 16 0.007140
32 17 0.007210
32 18 0.006730
32 19 0.006390
32 20 0.005510
32 21 0.004690
32 22 0.004220
32 24 0.004080
32 25 0.004410
32 26 0.003590
32 27 0.003530
32 28 0.002980
32 29 0.002370
32 30 0.001820
33 1 0.007670
33 2 0.008290
33 3 0.008220
33 4 0.008080
33 7 0.007880
33 8 0.007740
33 9 0.007880
33 10 0.008010
33 11 0.007670
33 12 0.007330
33 13 0.007270
33 14 0.007200
33 15 0.006860
33 16 0.006650
33 17 0.006380
33 18 0.005770
33 19 0.005630
33 20 0.005230
33 21 0.004610
33 22 0.004070
33 23 0.003730
33 24 0.003320
33 25 0.002910
33 26 0.002640
33 27 0.002370
33 28 0.001890
33 29 0.001890
33 30 0.001690
34 1 0.007810
34 2 0.008220
34 3 0.008080
34 4 0.008080
34 5 0.008080
34 6 0.008150
34 7 0.007880
34 8 0.007670
34 9 0.007810
34 10 0.007470
34 11 0.007270
34 12 0.006990
34 13 0.006790
34 14 0.006650
34 15 0.006520
34 16 0.006040
34 17 0.005770
34 18 0.005500
34 19 0.005570
34 20 0.005020
34 21 0.004550
34 22 0.004140
34 23 0.003730
34 24 0.003320
34 25 0.003120
34 26 0.002980
34 27 0.002640
34 28 0.002160
34 29 0.002440
34 30 0.001760
35 1 0.007740
35 2 0.008150
35 3 0.008220
35 4 0.008220
35 5 0.008220
35 7 0.008110
35 8 0.007810
35 9 0.008110
35 10 0.008360
35 11 0.008360
35 12 0.008360
35 13 0.008010
35 14 0.007470
35 15 0.007060
35 16 0.006720
35 17 0.006040
35 18 0.005910
35 19 0.005360
35 20 0.005090
35 21 0.004410
35 22 0.004140
35 23 0.003870
35 24 0.003390
35 25 0.003390
35 26 0.003320
35 27 0.002640
35 28 0.002500
35 29 0.002500
35 30 0.002100
36 1 0.008150
36 2 0.008220
36 3 0.008360
36 4 0.008080
36 5 0.007880
36 6 0.008080
36 7 0.008080
36 8 0.007880
36 9 0.008220
36 10 0.008080
36 11 0.007950
36 12 0.007950
36 13 0.007470
36 14 0.007200
36 15 0.006650
36 16 0.006450
36 17 0.006180
36 18 0.006110
36 19 0.005770
36 20 0.005570
36 21 0.004820
36 22 0.004410
36 23 0.004340
36 24 0.003930
36 25 0.003730
36 26 0.003530
36 27 0.003190
36 28 0.002840
36 29 0.002710
36 30 0.002500
37 1 0.008490
37 2 0.008760
37 3 0.009380
37 4 0.009040
37 5 0.008900
37 6 0.009040
37 7 0.009100
37 8 0.008560
37 9 0.008700
37 10 0.008560
37 11 0.008760
37 12 0.008640
37 13 0.008230
37 14 0.007960
37 15 0.007820
37 16 0.007890
37 17 0.007690
37 18 0.007350
37 19 0.006670
37 21 0.006190
37 22 0.005360
37 23 0.004820
37 24 0.004270
37 25 0.004140
37 26 0.003930
37 27 0.003730
37 28 0.003190
37 29 0.002980
37 30 0.002780
38 1 0.008700
38 2 0.008630
38 3 0.008490
38 4 0.008290
38 5 0.008220
38 7 0.008760
38 8 0.008760
38 9 0.008830
38 10 0.008700
38 11 0.008700
38 12 0.008630
38 13 0.008150
38 14 0.007740
38 15 0.007740
38 16 0.007060
38 17 0.006860
38 18 0.006650
38 19 0.006450
38 20 0.005770
38 21 0.005630
38 22 0.005230
38 23 0.005020
38 24 0.004610
38 25 0.004410
38 26 0.004270
38 27 0.003800
38 28 0.003590
38 29 0.003320
38 30 0.003250
39 1 0.008700
39 2 0.008830
39 3 0.009310
39 4 0.009510
39 5 0.009240
39 6 0.009170
39 7 0.009100
39 8 0.008900
39 9 0.008970
39 10 0.008970
39 11 0.008830
39 12 0.009440
39 13 0.009380
39 14 0.008830
39 15 0.008220
39 16 0.007670
39 17 0.007200
39 18 0.007060
39 19 0.006650
39 20 0.006180
39 21 0.006180
39 22 0.005770
39 23 0.005570
39 24 0.005290
39 25 0.005160
39 26 0.004610
39 27 0.004140
39 28 0.003800
39 29 0.004070
39 30 0.003530
40 1 0.008760
40 2 0.009100
40 3 0.009040
40 4 0.008700
40 5 0.008700
40 6 0.008700
40 7 0.008700
40 8 0.008830
40 9 0.009100
40 10 0.009100
40 11 0.008700
40 12 0.008760
40 13 0.008420
40 14 0.008560
40 15 0.008420
40 16 0.007810
40 17 0.007400
40 18 0.006990
40 19 0.006720
40 20 0.006450
40 21 0.006110
40 22 0.005430
40 23 0.005160
40 24 0.005090
40 25 0.004950
40 26 0.004750
40 27 0.004410
40 28 0.004140
40 29 0.003730
40 30 0.003120
41 1 0.008970
41 2 0.008970
41 3 0.009240
41 4 0.009310
41 5 0.009100
41 7 0.009510
41 8 0.009240
41 9 0.009380
41 10 0.009170
41 11 0.009240
41 12 0.009310
41 13 0.009170
41 14 0.008490
41 15 0.008490
41 16 0.008220
41 17 0.007610
41 18 0.007270
41 19 0.007130
41 20 0.006590
41 21 0.006380
41 22 0.005970
41 23 0.005570
41 24 0.005160
41 25 0.005230
41 26 0.005160
41 27 0.004610
41 28 0.004610
41 29 0.004140
41 30 0.003590
42 1 0.008970
42 2 0.009240
42 3 0.009040
42 4 0.008900
42 5 0.008900
42 6 0.009040
42 7 0.009100
42 8 0.009310
42 9 0.009510
42 10 0.009440
42 11 0.009510
42 12 0.009170
42 13 0.008630
42 14 0.008490
42 15 0.008490
42 16 0.007950
42 17 0.007540
42 18 0.007470
42 19 0.007540
42 20 0.007130
42 21 0.006520
42 22 0.006180
42 23 0.005840
42 24 0.005570
42 25 0.005430
42 26 0.004950
42 27 0.004610
42 28 0.004410
42 29 0.004610
42 30 0.004140
43 1 0.009380
43 2 0.009490
43 3 0.009510
43 4 0.009100
43 5 0.009240
43 6 0.009240
43 7 0.009240
43 8 0.009850
43 9 0.009850
43 10 0.009780
43 11 0.009780
43 12 0.009440
43 13 0.009510
43 14 0.009100
43 15 0.008700
43 16 0.008290
43 17 0.007950
43 18 0.007810
43 19 0.007610
43 20 0.007540
43 21 0.006990
43 22 0.006650
43 23 0.006450
43 24 0.006040
43 25 0.005970
43 26 0.005570
43 27 0.005230
43 28 0.005160
43 29 0.004890
43 30 0.004680
