40 # number of electrodes
# x z
   0    0 
   1    0 
   2    0 
   3    0 
   4    0 
   5    0 
   6    0 
   7    0 
   8    0 
   9    0 
  10    0 
  11    0 
  12    0 
  13    0 
  14    0 
  15    0 
  16    0 
  17    0 
  18    0 
  19    0 
  20    0 
  21    0 
  22    0 
  23    0 
  24    0 
  25    0 
  26    0 
  27    0 
  28    0 
  29    0 
  30    0 
  31    0 
  32    0 
  33    0 
  34    0 
  35    0 
  36    0 
  37    0 
  38    0 
  39    0 
361  # number of data
#a  b  m  n  u  i 
  0     3     1     2     597.10    0.49   
  1     4     2     3     621.77    0.46   
  2     5     3     4     451.44    0.27   
  3     6     4     5     225.61    0.17   
  4     7     5     6     493.85    0.26   
  5     8     6     7     175.36    0.16   
  6     9     7     8     156.59    0.20   
  7     10    8     9     231.77    0.25   
  8     11    9     10    126.07    0.20   
  9     12    10    11    561.04    0.70   
  10    13    11    12    205.78    0.28   
  11    14    12    13    597.65    0.44   
  12    15    13    14    323.26    0.64   
  13    16    14    15    284.33    0.31   
  14    17    15    16    71.71     0.19   
  15    18    16    17    513.76    0.70   
  16    19    17    18    246.88    0.44   
  17    20    18    19    118.80    0.23   
  18    21    19    20    252.64    0.49   
  19    22    20    21    238.00    0.57   
  20    23    21    22    476.83    1.37   
  21    24    22    23    211.41    0.75   
  22    25    23    24    192.78    1.50   
  23    26    24    25    349.63    2.48   
  24    27    25    26    126.22    0.66   
  25    28    26    27    312.47    1.49   
  26    29    27    28    456.93    2.04   
  27    30    28    29    167.61    0.56   
  28    31    29    30    261.95    1.16   
  29    32    30    31    361.43    1.90   
  30    33    31    32    135.20    0.69   
  31    34    32    33    451.89    2.76   
  32    35    33    34    92.65     1.70   
  33    36    34    35    80.39     0.85   
  34    37    35    36    85.11     1.89   
  35    38    36    37    373.48    1.71   
  36    39    37    38    160.51    1.29   
  0     5     2     3     104.53    0.27   
  1     6     3     4     42.18     0.17   
  2     7     4     5     106.04    0.28   
  3     8     5     6     80.71     0.20   
  4     9     6     7     121.72    0.81   
  5     10    7     8     40.99     0.27   
  6     11    8     9     34.46     0.18   
  7     12    9     10    49.82     0.25   
  8     13    10    11    20.17     0.17   
  9     14    11    12    79.83     0.59   
  10    15    12    13    147.61    0.62   
  11    16    13    14    94.28     0.59   
  12    17    14    15    39.34     0.20   
  13    18    15    16    28.53     0.30   
  14    19    16    17    70.80     0.36   
  15    20    17    18    209.78    1.17   
  16    21    18    19    32.84     0.53   
  17    22    19    20    24.79     0.24   
  18    23    20    21    83.34     0.78   
  19    24    21    22    46.29     0.60   
  20    25    22    23    87.50     1.42   
  21    26    23    24    31.75     0.89   
  22    27    24    25    33.37     0.64   
  23    28    25    26    82.83     1.43   
  24    29    26    27    66.88     1.42   
  25    30    27    28    58.59     1.15   
  26    31    28    29    126.01    1.74   
  27    32    29    30    40.89     0.76   
  28    33    30    31    32.97     0.81   
  29    34    31    32    203.61    3.62   
  30    35    32    33    60.49     0.95   
  31    36    33    34    25.01     1.27   
  32    37    34    35    27.46     1.29   
  33    38    35    36    21.12     1.01   
  34    39    36    37    185.85    2.90   
  0     7     3     4     24.53     0.25   
  1     8     4     5     23.24     0.19   
  2     9     5     6     87.79     0.72   
  3     10    6     7     30.20     0.48   
  4     11    7     8     33.86     0.57   
  5     12    8     9     20.45     0.27   
  6     13    9     10    20.32     0.38   
  7     14    10    11    42.05     0.66   
  8     15    11    12    30.13     0.61   
  9     16    12    13    64.84     0.85   
  10    17    13    14    28.31     0.53   
  11    18    14    15    41.05     0.55   
  12    19    15    16    40.10     1.11   
  13    20    16    17    93.72     1.03   
  14    21    17    18    76.34     1.14   
  15    22    18    19    81.50     3.40   
  16    23    19    20    70.59     2.31   
  17    24    20    21    23.09     0.64   
  18    25    21    22    71.06     2.21   
  19    26    22    23    40.51     1.89   
  20    27    23    24    25.41     1.72   
  21    28    24    25    41.34     1.96   
  22    29    25    26    78.20     3.62   
  23    30    26    27    76.10     3.12   
  24    31    27    28    78.75     3.58   
  25    32    28    29    49.85     2.44   
  26    33    29    30    42.69     2.95   
  27    34    30    31    44.41     2.56   
  28    35    31    32    84.44     3.29   
  29    36    32    33    47.76     1.40   
  30    37    33    34    67.46     7.76   
  31    38    34    35    41.75     4.65   
  32    39    35    36    41.87     4.77   
  0     9     4     5     91.42     1.89   
  1     10    5     6     55.31     1.15   
  2     11    6     7     47.29     1.44   
  3     12    7     8     44.46     1.40   
  4     13    8     9     31.72     0.88   
  5     14    9     10    23.12     0.74   
  6     15    10    11    47.97     1.69   
  7     16    11    12    81.39     2.56   
  8     17    12    13    36.35     1.16   
  9     18    13    14    41.37     2.18   
  10    19    14    15    40.87     1.08   
  11    20    15    16    40.55     2.19   
  12    21    16    17    54.34     1.29   
  13    22    17    18    35.79     1.05   
  14    23    18    19    62.43     5.55   
  15    24    19    20    69.50     3.77   
  16    25    20    21    33.06     2.37   
  17    26    21    22    32.15     2.25   
  18    27    22    23    53.66     4.40   
  19    28    23    24    32.92     5.40   
  20    29    24    25    32.62     3.41   
  21    30    25    26    67.53     5.92   
  22    31    26    27    39.99     3.24   
  23    32    27    28    74.49     6.43   
  24    33    28    29    67.65     8.32   
  25    34    29    30    37.61     6.25   
  26    35    30    31    41.21     5.08   
  27    36    31    32    27.92     1.82   
  28    37    32    33    44.42     2.66   
  29    38    33    34    27.63     5.40   
  30    39    34    35    49.95     9.12   
  0     11    5     6     36.16     1.38   
  1     12    6     7     21.89     1.16   
  2     13    7     8     53.32     2.85   
  3     14    8     9     96.85     4.21   
  4     15    9     10    31.28     2.04   
  5     16    10    11    54.30     2.86   
  6     17    11    12    37.65     2.72   
  7     18    12    13    95.03     6.67   
  8     19    13    14    49.30     4.58   
  9     20    14    15    74.88     3.80   
  10    21    15    16    40.16     4.24   
  11    22    16    17    53.32     2.28   
  12    23    17    18    36.73     1.91   
  13    24    18    19    26.83     3.68   
  14    25    19    20    58.54     5.62   
  15    26    20    21    51.62     5.23   
  16    27    21    22    34.70     4.55   
  17    28    22    23    37.31     5.58   
  18    29    23    24    64.90     18.44  
  19    30    24    25    61.65     12.79  
  20    31    25    26    68.44     10.57  
  21    32    26    27    53.58     8.25   
  22    33    27    28    39.77     7.81   
  23    34    28    29    89.30     15.33  
  24    35    29    30    48.96     12.77  
  25    36    30    31    68.29     16.47  
  26    37    31    32    30.00     3.74   
  27    38    32    33    21.87     2.08   
  28    39    33    34    37.62     11.21  
  0     13    6     7     31.65     2.77   
  1     14    7     8     43.44     3.65   
  2     15    8     9     90.05     6.65   
  3     16    9     10    58.31     5.47   
  4     17    10    11    44.61     5.03   
  5     18    11    12    46.08     7.45   
  6     19    12    13    38.44     3.84   
  7     20    13    14    49.38     7.79   
  8     21    14    15    56.89     4.90   
  9     22    15    16    72.12     14.21  
  10    23    16    17    85.69     6.27   
  11    24    17    18    30.93     2.43   
  12    25    18    19    29.68     6.77   
  13    26    19    20    30.26     4.01   
  14    27    20    21    22.30     3.66   
  15    28    21    22    61.35     11.46  
  16    29    22    23    26.46     7.43   
  17    30    23    24    11.58     7.88   
  18    31    24    25    86.82     25.36  
  19    32    25    26    80.50     24.26  
  20    33    26    27    97.39     29.19  
  21    34    27    28    93.68     27.76  
  22    35    28    29    43.15     11.66  
  23    36    29    30    49.24     15.75  
  24    37    30    31    25.98     10.08  
  25    38    31    32    34.76     6.90   
  26    39    32    33    35.40     5.01   
  0     15    6     9     42.72     1.73   
  1     16    7     10    36.58     1.31   
  2     17    8     11    43.89     1.84   
  3     18    9     12    65.80     5.23   
  4     19    10    13    57.32     4.16   
  5     20    11    14    45.70     3.33   
  6     21    12    15    26.72     1.53   
  7     22    13    16    42.19     2.97   
  8     23    14    17    41.08     2.13   
  9     24    15    18    92.43     4.59   
  10    25    16    19    43.23     1.85   
  11    26    17    20    57.29     2.95   
  12    27    18    21    52.28     4.10   
  13    28    19    22    49.95     3.58   
  14    29    20    23    61.59     5.30   
  15    30    21    24    79.14     9.24   
  16    31    22    25    42.88     6.98   
  17    32    23    26    36.27     5.96   
  18    33    24    27    85.21     13.89  
  19    34    25    28    45.62     7.59   
  20    35    26    29    87.79     10.92  
  21    36    27    30    57.71     7.20   
  22    37    28    31    66.51     9.38   
  23    38    29    32    55.51     6.49   
  24    39    30    33    40.05     3.62   
  0     17    7     10    27.41     1.81   
  1     18    8     11    58.34     4.40   
  2     19    9     12    38.88     4.00   
  3     20    10    13    69.33     7.48   
  4     21    11    14    37.97     4.91   
  5     22    12    15    34.03     3.40   
  6     23    13    16    42.89     4.57   
  7     24    14    17    38.13     3.05   
  8     25    15    18    26.44     2.15   
  9     26    16    19    37.43     2.44   
  10    27    17    20    51.89     3.97   
  11    28    18    21    68.29     7.82   
  12    29    19    22    58.56     6.28   
  13    30    20    23    29.66     3.34   
  14    31    21    24    30.62     5.09   
  15    32    22    25    71.92     16.88  
  16    33    23    26    43.64     14.57  
  17    34    24    27    27.48     6.32   
  18    35    25    28    85.80     17.71  
  19    36    26    29    83.55     14.99  
  20    37    27    30    50.62     8.91   
  21    38    28    31    44.53     8.30   
  22    39    29    32    71.13     11.52  
  0     19    8     11    36.01     3.78   
  1     20    9     12    42.05     5.89   
  2     21    10    13    32.43     4.70   
  3     22    11    14    39.98     7.82   
  4     23    12    15    51.20     7.84   
  5     24    13    16    22.13     3.48   
  6     25    14    17    40.38     4.60   
  7     26    15    18    77.39     8.70   
  8     27    16    19    46.88     4.79   
  9     28    17    20    34.90     3.97   
  10    29    18    21    37.67     5.97   
  11    30    19    22    45.78     6.69   
  12    31    20    23    38.93     5.95   
  13    32    21    24    46.44     10.57  
  14    33    22    25    29.52     11.26  
  15    34    23    26    73.51     29.95  
  16    35    24    27    20.38     7.12   
  17    36    25    28    27.99     8.40   
  18    37    26    29    98.78     22.83  
  19    38    27    30    98.88     24.33  
  20    39    28    31    46.50     10.79  
  0     21    9     12    20.58     4.36   
  1     22    10    13    31.19     6.09   
  2     23    11    14    34.91     7.39   
  3     24    12    15    41.12     8.27   
  4     25    13    16    34.59     7.98   
  5     26    14    17    22.84     3.76   
  6     27    15    18    22.43     3.96   
  7     28    16    19    53.99     7.89   
  8     29    17    20    35.42     5.63   
  9     30    18    21    47.55     10.66  
  10    31    19    22    30.30     5.66   
  11    32    20    23    48.15     10.03  
  12    33    21    24    38.12     12.84  
  13    34    22    25    26.73     11.74  
  14    35    23    26    25.66     13.63  
  15    36    24    27    81.54     34.07  
  16    37    25    28    38.24     16.45  
  17    38    26    29    23.37     8.74   
  18    39    27    30    87.84     25.77  
  0     23    10    13    98.79     24.57  
  1     24    11    14    99.65     25.15  
  2     25    12    15    38.85     7.84   
  3     26    13    16    35.38     10.10  
  4     27    14    17    48.66     12.05  
  5     28    15    18    40.11     8.97   
  6     29    16    19    27.47     6.57   
  7     30    17    20    54.52     10.90  
  8     31    18    21    31.97     8.12   
  9     32    19    22    87.69     22.44  
  10    33    20    23    44.46     12.33  
  11    34    21    24    88.10     37.24  
  12    35    22    25    29.04     16.08  
  13    36    23    26    23.36     14.57  
  14    37    24    27    33.93     18.10  
  15    38    25    28    91.45     44.84  
  16    39    26    29    41.54     18.71  
  0     25    11    14    55.51     17.28  
  1     26    12    15    84.55     19.80  
  2     27    13    16    40.43     11.88  
  3     28    14    17    65.83     20.38  
  4     29    15    18    62.15     19.54  
  5     30    16    19    30.10     8.38   
  6     31    17    20    28.15     6.49   
  7     32    18    21    34.88     12.60  
  8     33    19    22    23.38     7.54   
  9     34    20    23    44.22     15.80  
  10    35    21    24    29.51     15.30  
  11    36    22    25    34.59     23.24  
  12    37    23    26    25.78     21.05  
  13    38    24    27    26.69     15.53  
  14    39    25    28    31.87     19.90  
  0     27    12    15    53.86     15.73  
  1     28    13    16    68.19     23.67  
  2     29    14    17    85.76     29.02  
  3     30    15    18    75.99     25.70  
  4     31    16    19    75.46     27.00  
  5     32    17    20    43.73     14.51  
  6     33    18    21    15.78     6.11   
  7     34    19    22    30.99     13.70  
  8     35    20    23    19.26     8.19   
  9     36    21    24    72.95     42.98  
  10    37    22    25    25.37     20.11  
  11    38    23    26    43.68     40.67  
  12    39    24    27    32.32     23.53  
  0     29    13    16    52.87     23.49  
  1     30    14    17    55.68     20.91  
  2     31    15    18    69.12     27.08  
  3     32    16    19    86.10     38.53  
  4     33    17    20    43.77     21.25  
  5     34    18    21    27.11     16.01  
  6     35    19    22    13.41     6.51   
  7     36    20    23    21.15     11.99  
  8     37    21    24    7.84      7.88   
  9     38    22    25    87.21     88.39  
  10    39    23    26    19.66     22.32  
  0     31    14    17    45.87     22.29  
  1     32    15    18    58.93     28.51  
  2     33    16    19    39.33     21.22  
  3     34    17    20    83.57     51.69  
  4     35    18    21    32.07     27.67  
  5     36    19    22    19.49     13.70  
  6     37    20    23    9.94      6.31   
  7     38    21    24    11.01     12.65  
  8     39    22    25    11.01     8.19   
  0     33    15    18    25.42     18.40  
  1     34    16    19    54.61     35.14  
  2     35    17    20    47.08     27.83  
  3     36    18    21    30.11     33.08  
  4     37    19    22    23.73     24.11  
  5     38    20    23    15.77     14.55  
  6     39    21    24    3.10      6.51   
  0     35    16    19    28.26     22.78  
  1     36    17    20    39.04     25.50  
  2     37    18    21    23.03     24.16  
  3     38    19    22    31.61     38.72  
  4     39    20    23    22.15     27.46  
  0     37    17    20    29.45     20.41  
  1     38    18    21    24.77     28.69  
  2     39    19    22    24.10     27.60  
  0     39    18    21    18.40     22.65  
