80 # number of electrodes
# x y z
0.000 0.000 0.250 
-1.000 0.000 0.250 
-2.000 0.000 0.250 
-3.000 0.000 0.250 
-4.000 0.000 0.250 
-5.000 0.000 0.250 
-6.000 0.000 0.250 
-7.000 0.000 0.250 
-8.000 0.000 0.250 
-9.000 0.000 0.250 
-10.000 0.000 0.250 
-11.000 0.000 0.250 
-12.000 0.000 0.250 
-13.000 0.000 0.250 
-14.000 0.000 0.250 
-15.000 0.000 0.250 
-16.000 0.000 0.250 
-17.000 0.000 0.250 
-18.000 0.000 0.250 
-19.000 0.000 0.250 
-20.000 0.000 0.250 
-21.000 0.000 0.250 
-22.000 0.000 0.250 
-23.000 0.000 0.250 
-24.000 0.000 0.250 
-25.000 0.000 0.250 
-26.000 0.000 0.250 
-27.000 0.000 0.250 
-28.000 0.000 0.250 
-29.000 0.000 0.250 
-30.000 0.000 0.250 
-31.000 0.000 0.250 
-32.000 0.000 0.250 
-33.000 0.000 0.250 
-34.000 0.000 0.250 
-35.000 0.000 0.250 
-36.000 0.000 0.250 
-37.000 0.000 0.250 
-38.000 0.000 0.250 
-39.000 0.000 0.250 
0.000 0.000 1.250 
-1.000 0.000 1.250 
-2.000 0.000 1.250 
-3.000 0.000 1.250 
-4.000 0.000 1.250 
-5.000 0.000 1.250 
-6.000 0.000 1.250 
-7.000 0.000 1.250 
-8.000 0.000 1.250 
-9.000 0.000 1.250 
-10.000 0.000 1.250 
-11.000 0.000 1.250 
-12.000 0.000 1.250 
-13.000 0.000 1.250 
-14.000 0.000 1.250 
-15.000 0.000 1.250 
-16.000 0.000 1.250 
-17.000 0.000 1.250 
-18.000 0.000 1.250 
-19.000 0.000 1.250 
-20.000 0.000 1.250 
-21.000 0.000 1.250 
-22.000 0.000 1.250 
-23.000 0.000 1.250 
-24.000 0.000 1.250 
-25.000 0.000 1.250 
-26.000 0.000 1.250 
-27.000 0.000 1.250 
-28.000 0.000 1.250 
-29.000 0.000 1.250 
-30.000 0.000 1.250 
-31.000 0.000 1.250 
-32.000 0.000 1.250 
-33.000 0.000 1.250 
-34.000 0.000 1.250 
-35.000 0.000 1.250 
-36.000 0.000 1.250 
-37.000 0.000 1.250 
-38.000 0.000 1.250 
-39.000 0.000 1.250 
720  # number of data
#a  b  m  n  u  i  
  0     3     1     2     62.18     1.00   
  1     4     2     3     94.57     1.69   
  2     5     3     4     84.30     1.68   
  3     6     4     5     55.76     1.46   
  4     7     5     6     178.80    2.22   
  5     8     6     7     40.84     1.17   
  6     9     7     8     122.38    1.81   
  7     10    8     9     22.62     0.64   
  8     11    9     10    31.38     0.60   
  9     12    10    11    130.82    1.41   
  10    13    11    12    44.89     0.54   
  11    14    12    13    58.23     0.54   
  12    15    13    14    52.89     0.61   
  13    16    14    15    64.59     0.69   
  14    17    15    16    54.86     0.81   
  15    18    16    17    49.89     0.56   
  16    19    17    18    42.26     0.62   
  17    20    18    19    52.74     0.86   
  18    21    19    20    60.19     1.19   
  19    22    20    21    94.95     1.24   
  20    23    21    22    42.84     0.98   
  21    24    22    23    223.12    3.28   
  22    25    23    24    176.75    5.12   
  23    26    24    25    69.20     1.12   
  24    27    25    26    41.28     2.79   
  25    28    26    27    150.92    3.80   
  26    29    27    28    26.70     0.88   
  27    30    28    29    86.90     1.44   
  28    31    29    30    62.61     2.71   
  29    32    30    31    44.86     1.11   
  30    33    31    32    50.99     3.20   
  31    34    32    33    43.59     2.55   
  32    35    33    34    35.96     2.16   
  33    36    34    35    35.87     2.08   
  34    37    35    36    40.00     1.45   
  35    38    36    37    76.39     3.38   
  36    39    37    38    196.88    5.70   
  0     5     2     3     36.35     3.08   
  1     6     3     4     42.59     3.82   
  2     7     4     5     53.45     4.96   
  3     8     5     6     25.62     3.13   
  4     9     6     7     53.50     7.16   
  5     10    7     8     48.53     6.13   
  6     11    8     9     70.05     6.76   
  7     12    9     10    98.69     13.23  
  8     13    10    11    59.03     9.04   
  9     14    11    12    89.89     9.99   
  10    15    12    13    43.85     3.98   
  11    16    13    14    46.66     4.80   
  12    17    14    15    50.48     2.98   
  13    18    15    16    21.43     2.42   
  14    19    16    17    26.98     1.93   
  15    20    17    18    37.72     1.53   
  16    21    18    19    66.57     8.61   
  17    22    19    20    70.02     5.04   
  18    23    20    21    46.12     2.91   
  19    24    21    22    47.79     3.43   
  20    25    22    23    25.09     3.55   
  21    26    23    24    28.03     3.68   
  22    27    24    25    68.40     2.92   
  23    28    25    26    31.59     5.88   
  24    29    26    27    58.18     13.99  
  25    30    27    28    39.95     1.86   
  26    31    28    29    20.62     6.75   
  27    32    29    30    73.23     17.71  
  28    33    30    31    52.37     4.68   
  29    34    31    32    37.81     12.02  
  30    35    32    33    28.95     4.98   
  31    36    33    34    35.77     10.80  
  32    37    34    35    39.43     12.63  
  33    38    35    36    90.69     16.25  
  34    39    36    37    55.70     7.71   
  0     7     3     4     46.90     10.85  
  1     8     4     5     33.15     10.24  
  2     9     5     6     61.94     18.85  
  3     10    6     7     37.43     15.69  
  4     11    7     8     78.44     19.89  
  5     12    8     9     84.77     13.14  
  6     13    9     10    21.57     11.49  
  7     14    10    11    23.98     9.50   
  8     15    11    12    29.21     5.75   
  9     16    12    13    25.10     8.50   
  10    17    13    14    48.43     14.62  
  11    18    14    15    32.80     14.73  
  12    19    15    16    37.98     8.25   
  13    20    16    17    37.90     8.06   
  14    21    17    18    64.97     10.19  
  15    22    18    19    33.71     7.90   
  16    23    19    20    38.30     7.77   
  17    24    20    21    31.79     4.88   
  18    25    21    22    46.11     12.94  
  19    26    22    23    43.36     20.03  
  20    27    23    24    55.25     10.59  
  21    28    24    25    56.93     8.00   
  22    29    25    26    52.38     14.30  
  23    30    26    27    36.30     13.09  
  24    31    27    28    69.66     10.00  
  25    32    28    29    82.37     23.76  
  26    33    29    30    15.95     37.06  
  27    34    30    31    99.42     20.92  
  28    35    31    32    45.57     32.10  
  29    36    32    33    37.00     15.71  
  30    37    33    34    42.99     29.31  
  31    38    34    35    20.77     25.43  
  32    39    35    36    52.74     21.55  
  0     9     4     5     32.10     30.53  
  1     10    5     6     22.32     15.27  
  2     11    6     7     25.42     18.29  
  3     12    7     8     57.82     32.01  
  4     13    8     9     60.54     13.96  
  5     14    9     10    20.30     24.78  
  6     15    10    11    32.96     17.53  
  7     16    11    12    44.64     21.38  
  8     17    12    13    20.04     25.17  
  9     18    13    14    31.02     29.48  
  10    19    14    15    26.46     18.94  
  11    20    15    16    33.03     21.21  
  12    21    16    17    92.94     39.21  
  13    22    17    18    63.26     15.88  
  14    23    18    19    25.96     9.03   
  15    24    19    20    27.58     7.80   
  16    25    20    21    20.40     9.41   
  17    26    21    22    27.37     24.73  
  18    27    22    23    63.94     28.55  
  19    28    23    24    54.97     29.19  
  20    29    24    25    57.59     20.30  
  21    30    25    26    74.94     42.19  
  23    32    27    28    65.31     15.46  
  24    33    28    29    31.13     17.43  
  25    34    29    30    32.58     78.80  
  26    35    30    31    21.12     52.51  
  27    36    31    32    62.20     139.33 
  28    37    32    33    74.85     41.48  
  29    38    33    34    32.16     34.65  
  30    39    34    35    30.18     46.26  
  0     11    5     6     15.12     21.99  
  1     12    6     7     47.85     44.44  
  2     13    7     8     67.46     46.18  
  3     14    8     9     78.74     23.32  
  4     15    9     10    20.25     28.29  
  5     16    10    11    25.41     31.10  
  6     17    11    12    64.03     47.62  
  7     18    12    13    24.48     40.72  
  8     19    13    14    10.78     29.86  
  9     20    14    15    26.98     41.91  
  10    21    15    16    21.12     25.48  
  11    22    16    17    43.96     31.30  
  12    23    17    18    44.71     12.36  
  13    24    18    19    35.22     15.44  
  14    25    19    20    47.44     29.69  
  15    26    20    21    26.35     22.12  
  16    27    21    22    54.53     31.97  
  17    28    22    23    46.25     59.75  
  18    29    23    24    25.42     30.44  
  19    30    24    25    57.74     33.53  
  20    31    25    26    35.76     24.84  
  21    32    26    27    27.20     74.97  
  22    33    27    28    46.08     18.12  
  23    34    28    29    50.71     46.90  
  24    35    29    30    18.76     149.21 
  25    36    30    31    70.28     74.94  
  26    37    31    32    11.27     36.75  
  27    38    32    33    77.88     66.00  
  28    39    33    34    67.41     85.14  
  0     13    6     7     16.93     33.21  
  1     14    7     8     52.22     32.73  
  2     15    8     9     68.16     25.98  
  3     16    9     10    13.54     29.53  
  4     17    10    11    33.48     58.28  
  5     18    11    12    16.87     40.38  
  6     19    12    13    9.57      36.36  
  7     20    13    14    9.48      39.74  
  8     21    14    15    16.38     50.69  
  9     22    15    16    57.28     122.13 
  10    23    16    17    24.56     23.61  
  11    24    17    18    78.99     31.04  
  12    25    18    19    76.78     45.73  
  13    26    19    20    30.04     23.62  
  14    27    20    21    33.46     25.60  
  15    28    21    22    18.00     28.68  
  16    29    22    23    6.39      24.92  
  17    30    23    24    24.46     43.19  
  18    31    24    25    21.69     25.40  
  19    32    25    26    43.25     36.96  
  21    34    27    28    83.10     60.76  
  22    35    28    29    85.00     108.17 
  23    36    29    30    0.85      106.33 
  24    37    30    31    34.82     65.83  
  25    38    31    32    14.41     150.69 
  26    39    32    33    28.79     52.35  
  0     15    6     9     83.06     21.40  
  1     16    7     10    80.21     19.42  
  2     17    8     11    96.46     33.16  
  3     18    9     12    29.32     37.84  
  4     19    10    13    22.99     42.30  
  5     20    11    14    12.57     39.45  
  6     21    12    15    55.86     73.10  
  7     22    13    16    67.47     105.07 
  8     23    14    17    51.43     43.53  
  9     24    15    18    30.80     8.85   
  10    25    16    19    31.70     7.10   
  11    26    17    20    27.42     5.95   
  12    27    18    21    52.28     13.65  
  13    28    19    22    33.91     14.32  
  14    29    20    23    20.76     19.27  
  15    30    21    24    25.94     24.36  
  16    31    22    25    21.59     21.50  
  17    32    23    26    84.29     48.48  
  18    33    24    27    52.81     34.33  
  19    34    25    28    78.04     40.20  
  20    35    26    29    52.12     45.66  
  21    36    27    30    79.22     42.83  
  22    37    28    31    49.78     46.46  
  23    38    29    32    26.10     54.88  
  24    39    30    33    44.61     38.86  
  0     17    7     10    26.78     8.93   
  1     18    8     11    39.34     24.63  
  2     19    9     12    23.16     37.35  
  3     20    10    13    9.06      37.05  
  4     21    11    14    19.17     102.53 
  5     22    12    15    45.95     102.54 
  6     23    13    16    27.29     59.06  
  7     24    14    17    69.19     68.82  
  8     25    15    18    68.51     39.29  
  9     26    16    19    44.91     12.54  
  10    27    17    20    27.24     6.46   
  11    28    18    21    22.83     7.87   
  12    29    19    22    45.80     24.56  
  13    30    20    23    29.56     27.85  
  14    31    21    24    15.12     23.96  
  15    32    22    25    25.41     25.94  
  16    33    23    26    40.27     27.46  
  17    34    24    27    68.41     54.01  
  18    35    25    28    68.54     46.85  
  19    36    26    29    37.91     50.32  
  20    37    27    30    32.24     33.41  
  21    38    28    31    53.01     109.94 
  22    39    29    32    63.01     159.49 
  0     19    8     11    26.03     28.46  
  1     20    9     12    17.51     35.28  
  2     21    10    13    13.98     76.09  
  3     22    11    14    9.33      86.77  
  4     23    12    15    28.66     76.45  
  5     24    13    16    32.04     98.76  
  6     25    14    17    66.03     89.40  
  7     26    15    18    50.96     44.98  
  8     27    16    19    77.15     32.24  
  9     28    17    20    91.16     26.19  
  10    29    18    21    36.10     14.04  
  11    30    19    22    29.13     17.30  
  12    31    20    23    23.30     29.38  
  13    32    21    24    30.71     45.84  
  14    33    22    25    23.99     31.48  
  15    34    23    26    36.62     27.41  
  16    35    24    27    29.13     34.82  
  17    36    25    28    77.29     74.14  
  18    37    26    29    13.83     34.15  
  19    38    27    30    34.07     43.87  
  20    39    28    31    4.86      45.81  
  0     21    9     12    8.80      46.32  
  1     22    10    13    20.93     77.64  
  2     23    11    14    7.65      60.95  
  3     24    12    15    24.34     84.29  
  4     25    13    16    37.38     138.28 
  5     26    14    17    25.38     44.57  
  6     27    15    18    77.88     66.64  
  7     28    16    19    95.22     60.61  
  8     29    17    20    43.25     22.65  
  9     30    18    21    98.21     41.74  
  10    31    19    22    26.53     18.25  
  11    32    20    23    18.90     27.07  
  12    33    21    24    22.13     41.70  
  13    34    22    25    40.48     50.83  
  14    35    23    26    48.46     41.65  
  15    36    24    27    18.89     31.68  
  16    37    25    28    16.16     27.32  
  17    38    26    29    12.54     60.65  
  18    39    27    30    22.44     46.93  
  0     23    10    13    6.66      40.60  
  1     24    11    14    15.04     75.50  
  2     25    12    15    20.91     93.73  
  3     26    13    16    4.45      41.46  
  4     27    14    17    64.41     89.98  
  5     28    15    18    72.92     87.40  
  6     29    16    19    53.99     41.71  
  7     30    17    20    82.79     57.08  
  8     31    18    21    37.92     27.54  
  9     32    19    22    69.26     49.26  
  10    33    20    23    12.03     22.32  
  11    34    21    24    15.83     28.77  
  12    35    22    25    44.02     62.76  
  13    36    23    26    64.10     68.74  
  14    37    24    27    12.23     31.37  
  15    38    25    28    12.84     29.02  
  16    39    26    29    5.25      34.88  
  0     25    11    14    6.04      52.84  
  1     26    12    15    8.37      39.35  
  2     27    13    16    13.47     68.88  
  3     28    14    17    32.43     75.88  
  4     29    15    18    33.71     49.47  
  5     30    16    19    71.26     56.56  
  6     31    17    20    42.11     33.13  
  7     32    18    21    72.93     66.09  
  8     33    19    22    32.28     38.08  
  9     34    20    23    60.34     85.75  
  10    35    21    24    12.84     26.93  
  11    36    22    25    16.73     33.55  
  12    37    23    26    23.13     41.50  
  13    38    24    27    12.59     57.01  
  14    39    25    28    12.82     41.81  
  0     27    12    15    8.06      44.26  
  1     28    13    16    9.94      68.80  
  2     29    14    17    8.99      42.67  
  3     30    15    18    28.69     51.55  
  4     31    16    19    43.97     37.88  
  5     32    17    20    79.61     65.18  
  6     33    18    21    50.20     49.47  
  7     34    19    22    55.66     76.95  
  8     35    20    23    23.44     54.62  
  9     36    21    24    60.84     153.74 
  10    37    22    25    6.18      22.23  
  11    38    23    26    11.59     30.66  
  12    39    24    27    12.79     62.91  
  0     29    13    16    2.32      32.06  
  1     30    14    17    9.28      48.26  
  2     31    15    18    6.64      33.81  
  3     32    16    19    55.59     58.53  
  4     33    17    20    70.50     60.72  
  5     34    18    21    72.89     75.73  
  6     35    19    22    54.18     81.96  
  7     36    20    23    45.25     127.26 
  8     37    21    24    9.22      37.95  
  9     38    22    25    21.64     105.09 
  10    39    23    26    11.13     27.00  
  0     31    14    17    3.15      26.78  
  1     32    15    18    14.42     54.25  
  2     33    16    19    19.86     50.69  
  3     34    17    20    63.17     66.97  
  4     35    18    21    76.78     81.87  
  5     36    19    22    48.06     84.18  
  6     37    20    23    13.79     49.45  
  7     38    21    24    13.33     92.16  
  8     39    22    25    8.44      54.85  
  0     33    15    18    7.06      36.28  
  1     34    16    19    23.39     61.43  
  2     35    17    20    39.66     85.10  
  3     36    18    21    76.46     101.87 
  4     37    19    22    27.68     60.50  
  5     38    20    23    20.22     90.31  
  6     39    21    24    12.20     82.55  
  0     35    16    19    11.66     50.59  
  1     36    17    20    37.48     89.08  
  2     37    18    21    13.50     50.59  
  3     38    19    22    26.17     78.34  
  4     39    20    23    26.09     121.26 
  0     37    17    20    8.57      36.35  
  1     38    18    21    15.47     70.73  
  2     39    19    22    14.09     85.54  
  0     39    18    21    9.06      50.96  
  40    43    41    42    597.10    0.49   
  41    44    42    43    621.77    0.46   
  42    45    43    44    451.44    0.27   
  43    46    44    45    225.61    0.17   
  44    47    45    46    493.85    0.26   
  45    48    46    47    175.36    0.16   
  46    49    47    48    156.59    0.20   
  47    50    48    49    231.77    0.25   
  48    51    49    50    126.07    0.20   
  49    52    50    51    561.04    0.70   
  50    53    51    52    205.78    0.28   
  51    54    52    53    597.65    0.44   
  52    55    53    54    323.26    0.64   
  53    56    54    55    284.33    0.31   
  54    57    55    56    71.71     0.19   
  55    58    56    57    513.76    0.70   
  56    59    57    58    246.88    0.44   
  57    60    58    59    118.80    0.23   
  58    61    59    60    252.64    0.49   
  59    62    60    61    238.00    0.57   
  60    63    61    62    476.83    1.37   
  61    64    62    63    211.41    0.75   
  62    65    63    64    192.78    1.50   
  63    66    64    65    349.63    2.48   
  64    67    65    66    126.22    0.66   
  65    68    66    67    312.47    1.49   
  66    69    67    68    456.93    2.04   
  67    70    68    69    167.61    0.56   
  68    71    69    70    261.95    1.16   
  69    72    70    71    361.43    1.90   
  70    73    71    72    135.20    0.69   
  71    74    72    73    451.89    2.76   
  72    75    73    74    92.65     1.70   
  73    76    74    75    80.39     0.85   
  74    77    75    76    85.11     1.89   
  75    78    76    77    373.48    1.71   
  76    79    77    78    160.51    1.29   
  40    45    42    43    104.53    0.27   
  41    46    43    44    42.18     0.17   
  42    47    44    45    106.04    0.28   
  43    48    45    46    80.71     0.20   
  44    49    46    47    121.72    0.81   
  45    50    47    48    40.99     0.27   
  46    51    48    49    34.46     0.18   
  47    52    49    50    49.82     0.25   
  48    53    50    51    20.17     0.17   
  49    54    51    52    79.83     0.59   
  50    55    52    53    147.61    0.62   
  51    56    53    54    94.28     0.59   
  52    57    54    55    39.34     0.20   
  53    58    55    56    28.53     0.30   
  54    59    56    57    70.80     0.36   
  55    60    57    58    209.78    1.17   
  56    61    58    59    32.84     0.53   
  57    62    59    60    24.79     0.24   
  58    63    60    61    83.34     0.78   
  59    64    61    62    46.29     0.60   
  60    65    62    63    87.50     1.42   
  61    66    63    64    31.75     0.89   
  62    67    64    65    33.37     0.64   
  63    68    65    66    82.83     1.43   
  64    69    66    67    66.88     1.42   
  65    70    67    68    58.59     1.15   
  66    71    68    69    126.01    1.74   
  67    72    69    70    40.89     0.76   
  68    73    70    71    32.97     0.81   
  69    74    71    72    203.61    3.62   
  70    75    72    73    60.49     0.95   
  71    76    73    74    25.01     1.27   
  72    77    74    75    27.46     1.29   
  73    78    75    76    21.12     1.01   
  74    79    76    77    185.85    2.90   
  40    47    43    44    24.53     0.25   
  41    48    44    45    23.24     0.19   
  42    49    45    46    87.79     0.72   
  43    50    46    47    30.20     0.48   
  44    51    47    48    33.86     0.57   
  45    52    48    49    20.45     0.27   
  46    53    49    50    20.32     0.38   
  47    54    50    51    42.05     0.66   
  48    55    51    52    30.13     0.61   
  49    56    52    53    64.84     0.85   
  50    57    53    54    28.31     0.53   
  51    58    54    55    41.05     0.55   
  52    59    55    56    40.10     1.11   
  53    60    56    57    93.72     1.03   
  54    61    57    58    76.34     1.14   
  55    62    58    59    81.50     3.40   
  56    63    59    60    70.59     2.31   
  57    64    60    61    23.09     0.64   
  58    65    61    62    71.06     2.21   
  59    66    62    63    40.51     1.89   
  60    67    63    64    25.41     1.72   
  61    68    64    65    41.34     1.96   
  62    69    65    66    78.20     3.62   
  63    70    66    67    76.10     3.12   
  64    71    67    68    78.75     3.58   
  65    72    68    69    49.85     2.44   
  66    73    69    70    42.69     2.95   
  67    74    70    71    44.41     2.56   
  68    75    71    72    84.44     3.29   
  69    76    72    73    47.76     1.40   
  70    77    73    74    67.46     7.76   
  71    78    74    75    41.75     4.65   
  72    79    75    76    41.87     4.77   
  40    49    44    45    91.42     1.89   
  41    50    45    46    55.31     1.15   
  42    51    46    47    47.29     1.44   
  43    52    47    48    44.46     1.40   
  44    53    48    49    31.72     0.88   
  45    54    49    50    23.12     0.74   
  46    55    50    51    47.97     1.69   
  47    56    51    52    81.39     2.56   
  48    57    52    53    36.35     1.16   
  49    58    53    54    41.37     2.18   
  50    59    54    55    40.87     1.08   
  51    60    55    56    40.55     2.19   
  52    61    56    57    54.34     1.29   
  53    62    57    58    35.79     1.05   
  54    63    58    59    62.43     5.55   
  55    64    59    60    69.50     3.77   
  56    65    60    61    33.06     2.37   
  57    66    61    62    32.15     2.25   
  58    67    62    63    53.66     4.40   
  59    68    63    64    32.92     5.40   
  60    69    64    65    32.62     3.41   
  61    70    65    66    67.53     5.92   
  62    71    66    67    39.99     3.24   
  63    72    67    68    74.49     6.43   
  64    73    68    69    67.65     8.32   
  65    74    69    70    37.61     6.25   
  66    75    70    71    41.21     5.08   
  67    76    71    72    27.92     1.82   
  68    77    72    73    44.42     2.66   
  69    78    73    74    27.63     5.40   
  70    79    74    75    49.95     9.12   
  40    51    45    46    36.16     1.38   
  41    52    46    47    21.89     1.16   
  42    53    47    48    53.32     2.85   
  43    54    48    49    96.85     4.21   
  44    55    49    50    31.28     2.04   
  45    56    50    51    54.30     2.86   
  46    57    51    52    37.65     2.72   
  47    58    52    53    95.03     6.67   
  48    59    53    54    49.30     4.58   
  49    60    54    55    74.88     3.80   
  50    61    55    56    40.16     4.24   
  51    62    56    57    53.32     2.28   
  52    63    57    58    36.73     1.91   
  53    64    58    59    26.83     3.68   
  54    65    59    60    58.54     5.62   
  55    66    60    61    51.62     5.23   
  56    67    61    62    34.70     4.55   
  57    68    62    63    37.31     5.58   
  58    69    63    64    64.90     18.44  
  59    70    64    65    61.65     12.79  
  60    71    65    66    68.44     10.57  
  61    72    66    67    53.58     8.25   
  62    73    67    68    39.77     7.81   
  63    74    68    69    89.30     15.33  
  64    75    69    70    48.96     12.77  
  65    76    70    71    68.29     16.47  
  66    77    71    72    30.00     3.74   
  67    78    72    73    21.87     2.08   
  68    79    73    74    37.62     11.21  
  40    53    46    47    31.65     2.77   
  41    54    47    48    43.44     3.65   
  42    55    48    49    90.05     6.65   
  43    56    49    50    58.31     5.47   
  44    57    50    51    44.61     5.03   
  45    58    51    52    46.08     7.45   
  46    59    52    53    38.44     3.84   
  47    60    53    54    49.38     7.79   
  48    61    54    55    56.89     4.90   
  49    62    55    56    72.12     14.21  
  50    63    56    57    85.69     6.27   
  51    64    57    58    30.93     2.43   
  52    65    58    59    29.68     6.77   
  53    66    59    60    30.26     4.01   
  54    67    60    61    22.30     3.66   
  55    68    61    62    61.35     11.46  
  56    69    62    63    26.46     7.43   
  57    70    63    64    11.58     7.88   
  58    71    64    65    86.82     25.36  
  59    72    65    66    80.50     24.26  
  60    73    66    67    97.39     29.19  
  61    74    67    68    93.68     27.76  
  62    75    68    69    43.15     11.66  
  63    76    69    70    49.24     15.75  
  64    77    70    71    25.98     10.08  
  65    78    71    72    34.76     6.90   
  66    79    72    73    35.40     5.01   
  40    55    46    49    42.72     1.73   
  41    56    47    50    36.58     1.31   
  42    57    48    51    43.89     1.84   
  43    58    49    52    65.80     5.23   
  44    59    50    53    57.32     4.16   
  45    60    51    54    45.70     3.33   
  46    61    52    55    26.72     1.53   
  47    62    53    56    42.19     2.97   
  48    63    54    57    41.08     2.13   
  49    64    55    58    92.43     4.59   
  50    65    56    59    43.23     1.85   
  51    66    57    60    57.29     2.95   
  52    67    58    61    52.28     4.10   
  53    68    59    62    49.95     3.58   
  54    69    60    63    61.59     5.30   
  55    70    61    64    79.14     9.24   
  56    71    62    65    42.88     6.98   
  57    72    63    66    36.27     5.96   
  58    73    64    67    85.21     13.89  
  59    74    65    68    45.62     7.59   
  60    75    66    69    87.79     10.92  
  61    76    67    70    57.71     7.20   
  62    77    68    71    66.51     9.38   
  63    78    69    72    55.51     6.49   
  64    79    70    73    40.05     3.62   
  40    57    47    50    27.41     1.81   
  41    58    48    51    58.34     4.40   
  42    59    49    52    38.88     4.00   
  43    60    50    53    69.33     7.48   
  44    61    51    54    37.97     4.91   
  45    62    52    55    34.03     3.40   
  46    63    53    56    42.89     4.57   
  47    64    54    57    38.13     3.05   
  48    65    55    58    26.44     2.15   
  49    66    56    59    37.43     2.44   
  50    67    57    60    51.89     3.97   
  51    68    58    61    68.29     7.82   
  52    69    59    62    58.56     6.28   
  53    70    60    63    29.66     3.34   
  54    71    61    64    30.62     5.09   
  55    72    62    65    71.92     16.88  
  56    73    63    66    43.64     14.57  
  57    74    64    67    27.48     6.32   
  58    75    65    68    85.80     17.71  
  59    76    66    69    83.55     14.99  
  60    77    67    70    50.62     8.91   
  61    78    68    71    44.53     8.30   
  62    79    69    72    71.13     11.52  
  40    59    48    51    36.01     3.78   
  41    60    49    52    42.05     5.89   
  42    61    50    53    32.43     4.70   
  43    62    51    54    39.98     7.82   
  44    63    52    55    51.20     7.84   
  45    64    53    56    22.13     3.48   
  46    65    54    57    40.38     4.60   
  47    66    55    58    77.39     8.70   
  48    67    56    59    46.88     4.79   
  49    68    57    60    34.90     3.97   
  50    69    58    61    37.67     5.97   
  51    70    59    62    45.78     6.69   
  52    71    60    63    38.93     5.95   
  53    72    61    64    46.44     10.57  
  54    73    62    65    29.52     11.26  
  55    74    63    66    73.51     29.95  
  56    75    64    67    20.38     7.12   
  57    76    65    68    27.99     8.40   
  58    77    66    69    98.78     22.83  
  59    78    67    70    98.88     24.33  
  60    79    68    71    46.50     10.79  
  40    61    49    52    20.58     4.36   
  41    62    50    53    31.19     6.09   
  42    63    51    54    34.91     7.39   
  43    64    52    55    41.12     8.27   
  44    65    53    56    34.59     7.98   
  45    66    54    57    22.84     3.76   
  46    67    55    58    22.43     3.96   
  47    68    56    59    53.99     7.89   
  48    69    57    60    35.42     5.63   
  49    70    58    61    47.55     10.66  
  50    71    59    62    30.30     5.66   
  51    72    60    63    48.15     10.03  
  52    73    61    64    38.12     12.84  
  53    74    62    65    26.73     11.74  
  54    75    63    66    25.66     13.63  
  55    76    64    67    81.54     34.07  
  56    77    65    68    38.24     16.45  
  57    78    66    69    23.37     8.74   
  58    79    67    70    87.84     25.77  
  40    63    50    53    98.79     24.57  
  41    64    51    54    99.65     25.15  
  42    65    52    55    38.85     7.84   
  43    66    53    56    35.38     10.10  
  44    67    54    57    48.66     12.05  
  45    68    55    58    40.11     8.97   
  46    69    56    59    27.47     6.57   
  47    70    57    60    54.52     10.90  
  48    71    58    61    31.97     8.12   
  49    72    59    62    87.69     22.44  
  50    73    60    63    44.46     12.33  
  51    74    61    64    88.10     37.24  
  52    75    62    65    29.04     16.08  
  53    76    63    66    23.36     14.57  
  54    77    64    67    33.93     18.10  
  55    78    65    68    91.45     44.84  
  56    79    66    69    41.54     18.71  
  40    65    51    54    55.51     17.28  
  41    66    52    55    84.55     19.80  
  42    67    53    56    40.43     11.88  
  43    68    54    57    65.83     20.38  
  44    69    55    58    62.15     19.54  
  45    70    56    59    30.10     8.38   
  46    71    57    60    28.15     6.49   
  47    72    58    61    34.88     12.60  
  48    73    59    62    23.38     7.54   
  49    74    60    63    44.22     15.80  
  50    75    61    64    29.51     15.30  
  51    76    62    65    34.59     23.24  
  52    77    63    66    25.78     21.05  
  53    78    64    67    26.69     15.53  
  54    79    65    68    31.87     19.90  
  40    67    52    55    53.86     15.73  
  41    68    53    56    68.19     23.67  
  42    69    54    57    85.76     29.02  
  43    70    55    58    75.99     25.70  
  44    71    56    59    75.46     27.00  
  45    72    57    60    43.73     14.51  
  46    73    58    61    15.78     6.11   
  47    74    59    62    30.99     13.70  
  48    75    60    63    19.26     8.19   
  49    76    61    64    72.95     42.98  
  50    77    62    65    25.37     20.11  
  51    78    63    66    43.68     40.67  
  52    79    64    67    32.32     23.53  
  40    69    53    56    52.87     23.49  
  41    70    54    57    55.68     20.91  
  42    71    55    58    69.12     27.08  
  43    72    56    59    86.10     38.53  
  44    73    57    60    43.77     21.25  
  45    74    58    61    27.11     16.01  
  46    75    59    62    13.41     6.51   
  47    76    60    63    21.15     11.99  
  48    77    61    64    7.84      7.88   
  49    78    62    65    87.21     88.39  
  50    79    63    66    19.66     22.32  
  40    71    54    57    45.87     22.29  
  41    72    55    58    58.93     28.51  
  42    73    56    59    39.33     21.22  
  43    74    57    60    83.57     51.69  
  44    75    58    61    32.07     27.67  
  45    76    59    62    19.49     13.70  
  46    77    60    63    9.94      6.31   
  47    78    61    64    11.01     12.65  
  48    79    62    65    11.01     8.19   
  40    73    55    58    25.42     18.40  
  41    74    56    59    54.61     35.14  
  42    75    57    60    47.08     27.83  
  43    76    58    61    30.11     33.08  
  44    77    59    62    23.73     24.11  
  45    78    60    63    15.77     14.55  
  46    79    61    64    3.10      6.51   
  40    75    56    59    28.26     22.78  
  41    76    57    60    39.04     25.50  
  42    77    58    61    23.03     24.16  
  43    78    59    62    31.61     38.72  
  44    79    60    63    22.15     27.46  
  40    77    57    60    29.45     20.41  
  41    78    58    61    24.77     28.69  
  42    79    59    62    24.10     27.60  
  40    79    58    61    18.40     22.65  
