40 # number of electrodes
# x y z
0.000 0.000 1.250 
-1.000 0.000 1.250 
-2.000 0.000 1.250 
-3.000 0.000 1.250 
-4.000 0.000 1.250 
-5.000 0.000 1.250 
-6.000 0.000 1.250 
-7.000 0.000 1.250 
-8.000 0.000 1.250 
-9.000 0.000 1.250 
-10.000 0.000 1.250 
-11.000 0.000 1.250 
-12.000 0.000 1.250 
-13.000 0.000 1.250 
-14.000 0.000 1.250 
-15.000 0.000 1.250 
-16.000 0.000 1.250 
-17.000 0.000 1.250 
-18.000 0.000 1.250 
-19.000 0.000 1.250 
-20.000 0.000 1.250 
-21.000 0.000 1.250 
-22.000 0.000 1.250 
-23.000 0.000 1.250 
-24.000 0.000 1.250 
-25.000 0.000 1.250 
-26.000 0.000 1.250 
-27.000 0.000 1.250 
-28.000 0.000 1.250 
-29.000 0.000 1.250 
-30.000 0.000 1.250 
-31.000 0.000 1.250 
-32.000 0.000 1.250 
-33.000 0.000 1.250 
-34.000 0.000 1.250 
-35.000 0.000 1.250 
-36.000 0.000 1.250 
-37.000 0.000 1.250 
-38.000 0.000 1.250 
-39.000 0.000 1.250 
361  # number of data
#a  b  m  n  i  u  err
  1     4     2     3      0.49      597.10    0.20
  2     5     3     4      0.46      621.77    0.60
  3     6     4     5      0.27      451.44    0.70
  4     7     5     6      0.17      225.61    1.80
  5     8     6     7      0.26      493.85    0.70
  6     9     7     8      0.16      175.36    2.90
  7     10    8     9      0.20      156.59    2.90
  8     11    9     10     0.25      231.77    1.30
  9     12    10    11     0.20      126.07    4.60
  10    13    11    12     0.70      561.04    0.30
  11    14    12    13     0.28      205.78    6.20
  12    15    13    14     0.44      597.65    0.50
  13    16    14    15     0.64      323.26    1.80
  14    17    15    16     0.31      284.33    0.50
  15    18    16    17     0.19      71.71     3.20
  16    19    17    18     0.70      513.76    1.00
  17    20    18    19     0.44      246.88    2.70
  18    21    19    20     0.23      118.80    3.50
  19    22    20    21     0.49      252.64    0.10
  20    23    21    22     0.57      238.00    1.80
  21    24    22    23     1.37      476.83    0.80
  22    25    23    24     0.75      211.41    0.90
  23    26    24    25     1.50      192.78    2.40
  24    27    25    26     2.48      349.63    0.60
  25    28    26    27     0.66      126.22    2.20
  26    29    27    28     1.49      312.47    0.70
  27    30    28    29     2.04      456.93    0.70
  28    31    29    30     0.56      167.61    2.40
  29    32    30    31     1.16      261.95    1.40
  30    33    31    32     1.90      361.43    0.40
  31    34    32    33     0.69      135.20    1.20
  32    35    33    34     2.76      451.89    1.20
  33    36    34    35     1.70      92.65     2.20
  34    37    35    36     0.85      80.39     9.70
  35    38    36    37     1.89      85.11     5.90
  36    39    37    38     1.71      373.48    0.20
  37    40    38    39     1.29      160.51    2.30
  1     6     3     4      0.27      104.53    0.60
  2     7     4     5      0.17      42.18     1.50
  3     8     5     6      0.28      106.04    0.10
  4     9     6     7      0.20      80.71     0.30
  5     10    7     8      0.81      121.72    0.00
  6     11    8     9      0.27      40.99     0.70
  7     12    9     10     0.18      34.46     0.60
  8     13    10    11     0.25      49.82     0.70
  9     14    11    12     0.17      20.17     2.20
  10    15    12    13     0.59      79.83     0.10
  11    16    13    14     0.62      147.61    0.10
  12    17    14    15     0.59      94.28     0.60
  13    18    15    16     0.20      39.34     2.70
  14    19    16    17     0.30      28.53     0.00
  15    20    17    18     0.36      70.80     0.20
  16    21    18    19     1.17      209.78    0.10
  17    22    19    20     0.53      32.84     1.00
  18    23    20    21     0.24      24.79     0.80
  19    24    21    22     0.78      83.34     0.20
  20    25    22    23     0.60      46.29     0.10
  21    26    23    24     1.42      87.50     0.20
  22    27    24    25     0.89      31.75     0.10
  23    28    25    26     0.64      33.37     0.50
  24    29    26    27     1.43      82.83     0.00
  25    30    27    28     1.42      66.88     0.00
  26    31    28    29     1.15      58.59     0.30
  27    32    29    30     1.74      126.01    0.00
  28    33    30    31     0.76      40.89     0.30
  29    34    31    32     0.81      32.97     0.10
  30    35    32    33     3.62      203.61    0.00
  31    36    33    34     0.95      60.49     0.50
  32    37    34    35     1.27      25.01     0.40
  33    38    35    36     1.29      27.46     2.10
  34    39    36    37     1.01      21.12     1.30
  35    40    37    38     2.90      185.85    0.10
  1     8     4     5      0.25      24.53     1.40
  2     9     5     6      0.19      23.24     2.00
  3     10    6     7      0.72      87.79     0.60
  4     11    7     8      0.48      30.20     0.50
  5     12    8     9      0.57      33.86     0.40
  6     13    9     10     0.27      20.45     0.20
  7     14    10    11     0.38      20.32     1.00
  8     15    11    12     0.66      42.05     0.10
  9     16    12    13     0.61      30.13     0.00
  10    17    13    14     0.85      64.84     0.10
  11    18    14    15     0.53      28.31     0.30
  12    19    15    16     0.55      41.05     0.50
  13    20    16    17     1.11      40.10     0.50
  14    21    17    18     1.03      93.72     0.00
  15    22    18    19     1.14      76.34     0.10
  16    23    19    20     3.40      81.50     0.00
  17    24    20    21     2.31      70.59     0.20
  18    25    21    22     0.64      23.09     0.30
  19    26    22    23     2.21      71.06     0.00
  20    27    23    24     1.89      40.51     0.20
  21    28    24    25     1.72      25.41     0.10
  22    29    25    26     1.96      41.34     0.10
  23    30    26    27     3.62      78.20     0.00
  24    31    27    28     3.12      76.10     0.00
  25    32    28    29     3.58      78.75     0.40
  26    33    29    30     2.44      49.85     0.10
  27    34    30    31     2.95      42.69     0.00
  28    35    31    32     2.56      44.41     0.10
  29    36    32    33     3.29      84.44     0.00
  30    37    33    34     1.40      47.76     0.10
  31    38    34    35     7.76      67.46     0.00
  32    39    35    36     4.65      41.75     0.00
  33    40    36    37     4.77      41.87     0.00
  1     10    5     6      1.89      91.42     0.10
  2     11    6     7      1.15      55.31     0.00
  3     12    7     8      1.44      47.29     0.00
  4     13    8     9      1.40      44.46     0.10
  5     14    9     10     0.88      31.72     0.30
  6     15    10    11     0.74      23.12     0.30
  7     16    11    12     1.69      47.97     0.20
  8     17    12    13     2.56      81.39     0.00
  9     18    13    14     1.16      36.35     0.00
  10    19    14    15     2.18      41.37     0.20
  11    20    15    16     1.08      40.87     0.00
  12    21    16    17     2.19      40.55     0.10
  13    22    17    18     1.29      54.34     0.00
  14    23    18    19     1.05      35.79     0.10
  15    24    19    20     5.55      62.43     0.00
  16    25    20    21     3.77      69.50     0.00
  17    26    21    22     2.37      33.06     0.20
  18    27    22    23     2.25      32.15     0.00
  19    28    23    24     4.40      53.66     0.20
  20    29    24    25     5.40      32.92     0.00
  21    30    25    26     3.41      32.62     0.30
  22    31    26    27     5.92      67.53     0.00
  23    32    27    28     3.24      39.99     0.10
  24    33    28    29     6.43      74.49     0.10
  25    34    29    30     8.32      67.65     0.10
  26    35    30    31     6.25      37.61     0.00
  27    36    31    32     5.08      41.21     0.40
  28    37    32    33     1.82      27.92     0.20
  29    38    33    34     2.66      44.42     0.00
  30    39    34    35     5.40      27.63     0.10
  31    40    35    36     9.12      49.95     0.10
  1     12    6     7      1.38      36.16     0.30
  2     13    7     8      1.16      21.89     0.70
  3     14    8     9      2.85      53.32     0.00
  4     15    9     10     4.21      96.85     0.10
  5     16    10    11     2.04      31.28     0.20
  6     17    11    12     2.86      54.30     0.10
  7     18    12    13     2.72      37.65     0.00
  8     19    13    14     6.67      95.03     0.00
  9     20    14    15     4.58      49.30     0.20
  10    21    15    16     3.80      74.88     0.10
  11    22    16    17     4.24      40.16     0.00
  12    23    17    18     2.28      53.32     0.10
  13    24    18    19     1.91      36.73     0.00
  14    25    19    20     3.68      26.83     0.00
  15    26    20    21     5.62      58.54     0.30
  16    27    21    22     5.23      51.62     0.20
  17    28    22    23     4.55      34.70     0.00
  18    29    23    24     5.58      37.31     0.30
  19    30    24    25     18.44     64.90     0.00
  20    31    25    26     12.79     61.65     0.20
  21    32    26    27     10.57     68.44     0.00
  22    33    27    28     8.25      53.58     0.30
  23    34    28    29     7.81      39.77     0.20
  24    35    29    30     15.33     89.30     0.20
  25    36    30    31     12.77     48.96     0.00
  26    37    31    32     16.47     68.29     0.10
  27    38    32    33     3.74      30.00     0.10
  28    39    33    34     2.08      21.87     0.10
  29    40    34    35     11.21     37.62     0.00
  1     14    7     8      2.77      31.65     0.10
  2     15    8     9      3.65      43.44     0.00
  3     16    9     10     6.65      90.05     0.00
  4     17    10    11     5.47      58.31     0.00
  5     18    11    12     5.03      44.61     0.00
  6     19    12    13     7.45      46.08     0.30
  7     20    13    14     3.84      38.44     0.10
  8     21    14    15     7.79      49.38     0.10
  9     22    15    16     4.90      56.89     0.30
  10    23    16    17     14.21     72.12     0.10
  11    24    17    18     6.27      85.69     0.00
  12    25    18    19     2.43      30.93     0.10
  13    26    19    20     6.77      29.68     0.00
  14    27    20    21     4.01      30.26     0.00
  15    28    21    22     3.66      22.30     0.10
  16    29    22    23     11.46     61.35     0.00
  17    30    23    24     7.43      26.46     0.60
  18    31    24    25     7.88      11.58     0.20
  19    32    25    26     25.36     86.82     0.00
  20    33    26    27     24.26     80.50     0.30
  21    34    27    28     29.19     97.39     0.10
  22    35    28    29     27.76     93.68     0.00
  23    36    29    30     11.66     43.15     1.00
  24    37    30    31     15.75     49.24     0.00
  25    38    31    32     10.08     25.98     0.30
  26    39    32    33     6.90      34.76     0.20
  27    40    33    34     5.01      35.40     0.00
  1     16    7     10     1.73      42.72     0.30
  2     17    8     11     1.31      36.58     0.30
  3     18    9     12     1.84      43.89     0.00
  4     19    10    13     5.23      65.80     0.00
  5     20    11    14     4.16      57.32     0.20
  6     21    12    15     3.33      45.70     0.10
  7     22    13    16     1.53      26.72     0.20
  8     23    14    17     2.97      42.19     0.10
  9     24    15    18     2.13      41.08     0.00
  10    25    16    19     4.59      92.43     0.00
  11    26    17    20     1.85      43.23     0.10
  12    27    18    21     2.95      57.29     0.00
  13    28    19    22     4.10      52.28     0.00
  14    29    20    23     3.58      49.95     0.00
  15    30    21    24     5.30      61.59     0.00
  16    31    22    25     9.24      79.14     0.00
  17    32    23    26     6.98      42.88     0.00
  18    33    24    27     5.96      36.27     0.00
  19    34    25    28     13.89     85.21     0.00
  20    35    26    29     7.59      45.62     0.40
  21    36    27    30     10.92     87.79     0.00
  22    37    28    31     7.20      57.71     0.00
  23    38    29    32     9.38      66.51     0.00
  24    39    30    33     6.49      55.51     0.00
  25    40    31    34     3.62      40.05     0.00
  1     18    8     11     1.81      27.41     0.10
  2     19    9     12     4.40      58.34     0.10
  3     20    10    13     4.00      38.88     0.10
  4     21    11    14     7.48      69.33     0.40
  5     22    12    15     4.91      37.97     0.20
  6     23    13    16     3.40      34.03     0.00
  7     24    14    17     4.57      42.89     0.50
  8     25    15    18     3.05      38.13     0.10
  9     26    16    19     2.15      26.44     0.40
  10    27    17    20     2.44      37.43     0.20
  11    28    18    21     3.97      51.89     0.00
  12    29    19    22     7.82      68.29     0.00
  13    30    20    23     6.28      58.56     0.00
  14    31    21    24     3.34      29.66     0.10
  15    32    22    25     5.09      30.62     0.00
  16    33    23    26     16.88     71.92     0.10
  17    34    24    27     14.57     43.64     0.30
  18    35    25    28     6.32      27.48     0.50
  19    36    26    29     17.71     85.80     0.10
  20    37    27    30     14.99     83.55     0.20
  21    38    28    31     8.91      50.62     0.40
  22    39    29    32     8.30      44.53     0.20
  23    40    30    33     11.52     71.13     0.00
  1     20    9     12     3.78      36.01     0.30
  2     21    10    13     5.89      42.05     0.10
  3     22    11    14     4.70      32.43     0.30
  4     23    12    15     7.82      39.98     0.10
  5     24    13    16     7.84      51.20     0.10
  6     25    14    17     3.48      22.13     1.10
  7     26    15    18     4.60      40.38     0.00
  8     27    16    19     8.70      77.39     0.20
  9     28    17    20     4.79      46.88     0.00
  10    29    18    21     3.97      34.90     0.10
  11    30    19    22     5.97      37.67     0.00
  12    31    20    23     6.69      45.78     0.00
  13    32    21    24     5.95      38.93     0.20
  14    33    22    25     10.57     46.44     0.00
  15    34    23    26     11.26     29.52     0.40
  16    35    24    27     29.95     73.51     0.10
  17    36    25    28     7.12      20.38     0.10
  18    37    26    29     8.40      27.99     0.20
  19    38    27    30     22.83     98.78     0.10
  20    39    28    31     24.33     98.88     0.10
  21    40    29    32     10.79     46.50     0.30
  1     22    10    13     4.36      20.58     0.20
  2     23    11    14     6.09      31.19     0.40
  3     24    12    15     7.39      34.91     0.20
  4     25    13    16     8.27      41.12     0.30
  5     26    14    17     7.98      34.59     0.10
  6     27    15    18     3.76      22.84     0.00
  7     28    16    19     3.96      22.43     0.90
  8     29    17    20     7.89      53.99     0.40
  9     30    18    21     5.63      35.42     0.00
  10    31    19    22     10.66     47.55     0.00
  11    32    20    23     5.66      30.30     0.00
  12    33    21    24     10.03     48.15     0.00
  13    34    22    25     12.84     38.12     0.10
  14    35    23    26     11.74     26.73     0.10
  15    36    24    27     13.63     25.66     0.00
  16    37    25    28     34.07     81.54     0.00
  17    38    26    29     16.45     38.24     0.20
  18    39    27    30     8.74      23.37     0.50
  19    40    28    31     25.77     87.84     0.10
  1     24    11    14     24.57     98.79     0.30
  2     25    12    15     25.15     99.65     0.20
  3     26    13    16     7.84      38.85     0.20
  4     27    14    17     10.10     35.38     0.30
  5     28    15    18     12.05     48.66     0.00
  6     29    16    19     8.97      40.11     0.50
  7     30    17    20     6.57      27.47     0.10
  8     31    18    21     10.90     54.52     0.00
  9     32    19    22     8.12      31.97     0.60
  10    33    20    23     22.44     87.69     0.00
  11    34    21    24     12.33     44.46     0.20
  12    35    22    25     37.24     88.10     0.00
  13    36    23    26     16.08     29.04     0.00
  14    37    24    27     14.57     23.36     0.00
  15    38    25    28     18.10     33.93     0.50
  16    39    26    29     44.84     91.45     0.00
  17    40    27    30     18.71     41.54     0.10
  1     26    12    15     17.28     55.51     1.80
  2     27    13    16     19.80     84.55     0.10
  3     28    14    17     11.88     40.43     0.90
  4     29    15    18     20.38     65.83     0.00
  5     30    16    19     19.54     62.15     0.20
  6     31    17    20     8.38      30.10     0.20
  7     32    18    21     6.49      28.15     0.30
  8     33    19    22     12.60     34.88     0.50
  9     34    20    23     7.54      23.38     0.40
  10    35    21    24     15.80     44.22     0.10
  11    36    22    25     15.30     29.51     0.10
  12    37    23    26     23.24     34.59     0.00
  13    38    24    27     21.05     25.78     0.30
  14    39    25    28     15.53     26.69     0.50
  15    40    26    29     19.90     31.87     0.70
  1     28    13    16     15.73     53.86     2.10
  2     29    14    17     23.67     68.19     1.20
  3     30    15    18     29.02     85.76     0.80
  4     31    16    19     25.70     75.99     0.00
  5     32    17    20     27.00     75.46     0.20
  6     33    18    21     14.51     43.73     0.00
  7     34    19    22     6.11      15.78     1.20
  8     35    20    23     13.70     30.99     0.30
  9     36    21    24     8.19      19.26     0.20
  10    37    22    25     42.98     72.95     0.00
  11    38    23    26     20.11     25.37     0.20
  12    39    24    27     40.67     43.68     0.20
  13    40    25    28     23.53     32.32     0.60
  1     30    14    17     23.49     52.87     4.30
  2     31    15    18     20.91     55.68     0.10
  3     32    16    19     27.08     69.12     0.40
  4     33    17    20     38.53     86.10     0.10
  5     34    18    21     21.25     43.77     0.00
  6     35    19    22     16.01     27.11     0.80
  7     36    20    23     6.51      13.41     0.90
  8     37    21    24     11.99     21.15     0.90
  9     38    22    25     7.88      7.84      0.40
  10    39    23    26     88.39     87.21     0.10
  11    40    24    27     22.32     19.66     0.60
  1     32    15    18     22.29     45.87     0.30
  2     33    16    19     28.51     58.93     0.30
  3     34    17    20     21.22     39.33     0.30
  4     35    18    21     51.69     83.57     0.20
  5     36    19    22     27.67     32.07     0.60
  6     37    20    23     13.70     19.49     0.40
  7     38    21    24     6.31      9.94      0.50
  8     39    22    25     12.65     11.01     0.10
  9     40    23    26     8.19      11.01     0.20
  1     34    16    19     18.40     25.42     0.80
  2     35    17    20     35.14     54.61     0.10
  3     36    18    21     27.83     47.08     0.40
  4     37    19    22     33.08     30.11     0.30
  5     38    20    23     24.11     23.73     0.40
  6     39    21    24     14.55     15.77     2.60
  7     40    22    25     6.51      3.10      1.20
  1     36    17    20     22.78     28.26     0.10
  2     37    18    21     25.50     39.04     0.60
  3     38    19    22     24.16     23.03     0.70
  4     39    20    23     38.72     31.61     0.40
  5     40    21    24     27.46     22.15     0.00
  1     38    18    21     20.41     29.45     0.60
  2     39    19    22     28.69     24.77     0.60
  3     40    20    23     27.60     24.10     0.50
  1     40    19    22     22.65     18.40     0.90
